string
20201020_0_degree/TG_20201020_011back: 20201020_0_degree/dark/TG_20201020_003.tif integrated counts_backsubbed
px integrated counts
0.0 476.8208312988281
1.0 667.0669555664062
2.0 877.44091796875
3.0 857.75830078125
4.0 871.7714233398438
5.0 846.6741943359375
6.0 838.7848510742188
7.0 878.3980102539062
8.0 844.01806640625
9.0 874.0287475585938
10.0 853.3603515625
11.0 868.9593505859375
12.0 861.5435791015625
13.0 867.230224609375
14.0 853.8138427734375
15.0 869.964111328125
16.0 818.4564208984375
17.0 798.234130859375
18.0 871.7197265625
19.0 890.14892578125
20.0 870.1989135742188
21.0 862.040283203125
22.0 887.7227783203125
23.0 802.4193115234375
24.0 796.4133911132812
25.0 833.1466064453125
26.0 847.8363037109375
27.0 896.5125732421875
28.0 882.3616943359375
29.0 883.4796142578125
30.0 843.825439453125
31.0 885.0662841796875
32.0 836.696044921875
33.0 795.5272216796875
34.0 846.6329345703125
35.0 864.587890625
36.0 840.5759887695312
37.0 844.3746337890625
38.0 826.450927734375
39.0 868.5640869140625
40.0 853.156005859375
41.0 867.243896484375
42.0 873.7225341796875
43.0 891.4755859375
44.0 832.4317626953125
45.0 844.73779296875
46.0 889.9683837890625
47.0 854.8013305664062
48.0 874.7538452148438
49.0 864.8717041015625
50.0 882.333984375
51.0 879.4736328125
52.0 877.037353515625
53.0 845.8477783203125
54.0 931.9935302734375
55.0 937.7772216796875
56.0 932.8736572265625
57.0 853.864013671875
58.0 878.7275390625
59.0 834.809814453125
60.0 898.0606689453125
61.0 942.868896484375
62.0 866.3533325195312
63.0 863.2865600585938
64.0 907.0089721679688
65.0 789.6141357421875
66.0 838.6719970703125
67.0 873.496337890625
68.0 868.369384765625
69.0 805.6136474609375
70.0 837.5269165039062
71.0 892.66162109375
72.0 878.3490600585938
73.0 892.2415771484375
74.0 813.843017578125
75.0 883.6871337890625
76.0 827.105712890625
77.0 852.81103515625
78.0 872.4481811523438
79.0 811.6192626953125
80.0 892.0208740234375
81.0 860.7852783203125
82.0 926.9556274414062
83.0 885.8203125
84.0 847.7552490234375
85.0 835.0938110351562
86.0 836.8834228515625
87.0 889.0626220703125
88.0 889.4197998046875
89.0 882.2677001953125
90.0 856.401611328125
91.0 873.3591918945312
92.0 871.9089965820312
93.0 849.409423828125
94.0 847.8637084960938
95.0 895.3450927734375
96.0 888.9343872070312
97.0 825.3709716796875
98.0 840.0504760742188
99.0 859.2478637695312
100.0 811.9407348632812
101.0 855.6716918945312
102.0 848.3399658203125
103.0 831.49609375
104.0 852.2272338867188
105.0 838.6586303710938
106.0 857.4974365234375
107.0 886.7523193359375
108.0 896.5045166015625
109.0 904.3076171875
110.0 899.1209716796875
111.0 906.6719360351562
112.0 934.0760498046875
113.0 910.238037109375
114.0 864.1639404296875
115.0 919.8091430664062
116.0 888.48291015625
117.0 884.4547729492188
118.0 869.4465942382812
119.0 855.708984375
120.0 874.5250244140625
121.0 867.8353881835938
122.0 872.2092895507812
123.0 853.982666015625
124.0 855.1790771484375
125.0 834.5137939453125
126.0 830.4683227539062
127.0 872.588134765625
128.0 883.8306274414062
129.0 878.85546875
130.0 885.2818603515625
131.0 843.5089111328125
132.0 836.2835083007812
133.0 879.8663330078125
134.0 860.3543701171875
135.0 813.5386962890625
136.0 956.822998046875
137.0 901.6251831054688
138.0 841.1121215820312
139.0 901.10888671875
140.0 853.328369140625
141.0 870.2525634765625
142.0 842.38720703125
143.0 856.763427734375
144.0 863.9403686523438
145.0 906.63134765625
146.0 860.556640625
147.0 871.8634643554688
148.0 895.82275390625
149.0 859.4721069335938
150.0 863.5985717773438
151.0 873.9351196289062
152.0 826.5081176757812
153.0 876.907958984375
154.0 929.9813842773438
155.0 890.1776123046875
156.0 880.6138916015625
157.0 910.058837890625
158.0 890.0086669921875
159.0 898.294189453125
160.0 867.408447265625
161.0 858.7294311523438
162.0 874.10009765625
163.0 827.0830078125
164.0 866.4187622070312
165.0 887.1409912109375
166.0 868.34375
167.0 872.3245849609375
168.0 882.2345581054688
169.0 853.3785400390625
170.0 908.1416015625
171.0 892.1109008789062
172.0 864.908203125
173.0 874.8994750976562
174.0 888.923583984375
175.0 904.7666015625
176.0 944.30908203125
177.0 854.0133056640625
178.0 921.072509765625
179.0 995.8335571289062
180.0 911.6751708984375
181.0 890.3255615234375
182.0 860.3482055664062
183.0 875.8291625976562
184.0 884.22509765625
185.0 880.1325073242188
186.0 906.4635009765625
187.0 845.22021484375
188.0 878.8055419921875
189.0 925.1971435546875
190.0 903.0906982421875
191.0 892.5208129882812
192.0 1007.09130859375
193.0 941.7347412109375
194.0 900.3766479492188
195.0 959.05224609375
196.0 928.4754638671875
197.0 954.875732421875
198.0 932.9420776367188
199.0 917.8926391601562
200.0 946.0816650390625
201.0 907.3114013671875
202.0 889.4952392578125
203.0 915.3235473632812
204.0 908.2911376953125
205.0 931.3701171875
206.0 1040.3321533203125
207.0 1038.0888671875
208.0 996.2626342773438
209.0 1171.7481689453125
210.0 1084.8199462890625
211.0 1236.988525390625
212.0 1147.878662109375
213.0 1208.40234375
214.0 1114.71923828125
215.0 1145.5986328125
216.0 1167.9927978515625
217.0 1009.3157958984375
218.0 919.5145263671875
219.0 951.027587890625
220.0 1019.732177734375
221.0 958.8187255859375
222.0 954.60400390625
223.0 901.4012451171875
224.0 1006.3287353515625
225.0 982.9326171875
226.0 898.6158447265625
227.0 931.2479248046875
228.0 911.968994140625
229.0 946.9595947265625
230.0 902.1246337890625
231.0 904.195556640625
232.0 906.0372314453125
233.0 905.66455078125
234.0 948.02734375
235.0 914.0924072265625
236.0 898.9056396484375
237.0 904.239013671875
238.0 906.4396362304688
239.0 940.1888427734375
240.0 912.9390869140625
241.0 941.4544677734375
242.0 952.091796875
243.0 931.8033447265625
244.0 960.4515991210938
245.0 911.465576171875
246.0 904.755126953125
247.0 1018.5704345703125
248.0 957.9803466796875
249.0 939.258544921875
250.0 949.4932861328125
251.0 948.7745971679688
252.0 1024.710693359375
253.0 994.58056640625
254.0 950.707275390625
255.0 909.756591796875
256.0 872.7905883789062
257.0 903.8998413085938
258.0 986.6935424804688
259.0 965.7720947265625
260.0 947.6317138671875
261.0 948.0931396484375
262.0 880.8604736328125
263.0 917.0464477539062
264.0 914.9163818359375
265.0 947.1193237304688
266.0 904.6341552734375
267.0 942.9580688476562
268.0 915.6651611328125
269.0 895.7483520507812
270.0 945.4910888671875
271.0 927.1162719726562
272.0 963.1694946289062
273.0 944.8916015625
274.0 942.3946533203125
275.0 925.8208618164062
276.0 943.45849609375
277.0 975.9140014648438
278.0 938.4356079101562
279.0 958.6649169921875
280.0 992.5455932617188
281.0 959.9652709960938
282.0 1003.801513671875
283.0 1018.60107421875
284.0 997.0859375
285.0 1005.62939453125
286.0 958.1826171875
287.0 1037.89208984375
288.0 1028.1519775390625
289.0 1021.459228515625
290.0 972.302490234375
291.0 928.1535034179688
292.0 942.7261962890625
293.0 1040.3826904296875
294.0 1000.5587158203125
295.0 990.6497802734375
296.0 965.9840698242188
297.0 1031.4013671875
298.0 990.413818359375
299.0 974.8082275390625
300.0 1050.916259765625
301.0 1060.595458984375
302.0 961.4789428710938
303.0 1017.05810546875
304.0 1070.5125732421875
305.0 1090.462890625
306.0 1026.4769287109375
307.0 1061.982666015625
308.0 1088.047119140625
309.0 1041.093505859375
310.0 1065.122314453125
311.0 1050.2747802734375
312.0 1032.8780517578125
313.0 1039.83447265625
314.0 1099.029296875
315.0 1136.4686279296875
316.0 1171.190185546875
317.0 1095.109619140625
318.0 1165.533935546875
319.0 1138.5050048828125
320.0 1129.5653076171875
321.0 1168.56494140625
322.0 1167.9185791015625
323.0 1162.43896484375
324.0 1128.23046875
325.0 1188.3212890625
326.0 1207.8778076171875
327.0 1241.19189453125
328.0 1315.5758056640625
329.0 1326.2197265625
330.0 1313.048583984375
331.0 1362.5400390625
332.0 1372.828369140625
333.0 1384.98486328125
334.0 1478.58642578125
335.0 1446.9071044921875
336.0 1487.06201171875
337.0 1528.6917724609375
338.0 1615.892578125
339.0 1722.8201904296875
340.0 1751.3997802734375
341.0 1809.6168212890625
342.0 1940.615234375
343.0 2124.17724609375
344.0 2133.50341796875
345.0 2233.74462890625
346.0 2246.351318359375
347.0 2482.11181640625
348.0 2812.538818359375
349.0 3036.159423828125
350.0 3174.177490234375
351.0 3630.986328125
352.0 4125.95458984375
353.0 4794.5380859375
354.0 5560.259765625
355.0 6621.716796875
356.0 8123.9130859375
357.0 10465.2177734375
358.0 14690.0244140625
359.0 23175.2421875
360.0 40689.01953125
361.0 122575.4453125
362.0 309039.15625
363.0 519411.40625
364.0 588851.4375
365.0 631034.375
366.0 635996.1875
367.0 578532.375
368.0 464943.65625
369.0 295581.34375
370.0 128981.921875
371.0 43993.40234375
372.0 23264.560546875
373.0 14970.5341796875
374.0 11156.189453125
375.0 8214.8212890625
376.0 6761.31884765625
377.0 5667.65576171875
378.0 4965.6220703125
379.0 4094.65283203125
380.0 3688.572021484375
381.0 3318.921875
382.0 2954.3134765625
383.0 2714.13525390625
384.0 2577.081787109375
385.0 2241.14306640625
386.0 2156.041015625
387.0 2055.859375
388.0 1981.085205078125
389.0 1953.24853515625
390.0 1764.658447265625
391.0 1627.58544921875
392.0 1654.546630859375
393.0 1676.98193359375
394.0 1565.826171875
395.0 1516.37060546875
396.0 1498.1307373046875
397.0 1366.283447265625
398.0 1324.7279052734375
399.0 1377.00390625
400.0 1337.1524658203125
401.0 1294.8741455078125
402.0 1281.3868408203125
403.0 1270.1337890625
404.0 1260.98876953125
405.0 1176.31005859375
406.0 1220.98486328125
407.0 1159.72607421875
408.0 1175.916748046875
409.0 1199.6453857421875
410.0 1179.5711669921875
411.0 1154.7388916015625
412.0 1143.06787109375
413.0 1159.9716796875
414.0 1128.969482421875
415.0 1135.1131591796875
416.0 1114.375732421875
417.0 1079.47314453125
418.0 1107.8426513671875
419.0 1102.5625
420.0 1007.275146484375
421.0 1033.739501953125
422.0 1048.5860595703125
423.0 1075.362060546875
424.0 1089.3291015625
425.0 1098.6959228515625
426.0 1046.5992431640625
427.0 1046.01220703125
428.0 1048.009033203125
429.0 1032.4049072265625
430.0 1002.8941650390625
431.0 1024.3018798828125
432.0 1051.272216796875
433.0 991.6204223632812
434.0 1017.076171875
435.0 1075.1954345703125
436.0 987.324462890625
437.0 968.640380859375
438.0 992.0177001953125
439.0 1003.8089599609375
440.0 984.9720458984375
441.0 962.3585205078125
442.0 1010.1094970703125
443.0 1005.4642944335938
444.0 1000.6573486328125
445.0 974.9380493164062
446.0 913.5352783203125
447.0 976.7637939453125
448.0 981.7811889648438
449.0 969.4659423828125
450.0 1007.60400390625
451.0 943.9281005859375
452.0 901.82177734375
453.0 950.96435546875
454.0 985.98095703125
455.0 959.447998046875
456.0 1011.936279296875
457.0 982.5919189453125
458.0 967.1964111328125
459.0 949.482421875
460.0 928.6358642578125
461.0 932.138671875
462.0 991.749267578125
463.0 953.9110107421875
464.0 959.95751953125
465.0 990.9161376953125
466.0 962.3711547851562
467.0 983.1044921875
468.0 942.9662475585938
469.0 916.13330078125
470.0 934.8172607421875
471.0 935.942626953125
472.0 968.2385864257812
473.0 988.7061767578125
474.0 944.1395874023438
475.0 1007.004150390625
476.0 999.2271728515625
477.0 953.475341796875
478.0 888.00830078125
479.0 891.3643798828125
480.0 953.5978393554688
481.0 911.0806884765625
482.0 988.164794921875
483.0 970.9667358398438
484.0 1073.043212890625
485.0 984.13525390625
486.0 968.4652099609375
487.0 1013.0533447265625
488.0 906.306396484375
489.0 968.153076171875
490.0 953.865234375
491.0 950.5890502929688
492.0 958.663330078125
493.0 922.156982421875
494.0 908.3082275390625
495.0 934.4766845703125
496.0 932.849609375
497.0 945.9217529296875
498.0 958.83447265625
499.0 974.5411376953125
500.0 1008.416259765625
501.0 980.156982421875
502.0 1009.5636596679688
503.0 980.85009765625
504.0 1020.55615234375
505.0 1009.1694946289062
506.0 1017.6888427734375
507.0 1106.278076171875
508.0 1036.0780029296875
509.0 1031.517578125
510.0 1057.235595703125
511.0 1072.6156005859375
512.0 1014.5437622070312
513.0 1042.28125
514.0 1083.741943359375
515.0 1117.6826171875
516.0 1260.2362060546875
517.0 1186.13818359375
518.0 1204.85302734375
519.0 1160.875732421875
520.0 1144.9473876953125
521.0 1213.639404296875
522.0 1154.6112060546875
523.0 1276.7225341796875
524.0 1111.556640625
525.0 987.4393310546875
526.0 984.2407836914062
527.0 954.3740234375
528.0 967.4232177734375
529.0 957.238525390625
530.0 969.8033447265625
531.0 937.641357421875
532.0 995.8615112304688
533.0 1119.947265625
534.0 1066.8377685546875
535.0 1063.18359375
536.0 1080.1611328125
537.0 1007.5838623046875
538.0 1003.2322998046875
539.0 1006.9722900390625
540.0 963.1065673828125
541.0 975.961669921875
542.0 1003.1697998046875
543.0 912.8079223632812
544.0 938.5076904296875
545.0 953.641845703125
546.0 948.3646240234375
547.0 933.59765625
548.0 942.0030517578125
549.0 950.3971557617188
550.0 918.7850952148438
551.0 915.4425048828125
552.0 915.0997314453125
553.0 936.8671875
554.0 867.7206420898438
555.0 919.5877685546875
556.0 930.677978515625
557.0 905.722900390625
558.0 914.9583129882812
559.0 870.0750732421875
560.0 877.7689208984375
561.0 951.47021484375
562.0 929.82470703125
563.0 914.1829223632812
564.0 981.5442504882812
565.0 971.087158203125
566.0 933.0574951171875
567.0 945.988525390625
568.0 872.27099609375
569.0 955.493896484375
570.0 959.8585205078125
571.0 918.6124877929688
572.0 895.283447265625
573.0 872.4874267578125
574.0 887.1004638671875
575.0 906.427978515625
576.0 949.7999877929688
577.0 898.4174194335938
578.0 899.2534790039062
579.0 863.67333984375
580.0 869.0354614257812
581.0 935.2628173828125
582.0 873.4052734375
583.0 885.208984375
584.0 926.5123291015625
585.0 923.690185546875
586.0 931.137939453125
587.0 929.2249755859375
588.0 912.6412353515625
589.0 910.087890625
590.0 885.198486328125
591.0 909.2415161132812
592.0 902.0818481445312
593.0 921.5208740234375
594.0 937.5224609375
595.0 933.1694946289062
596.0 938.740478515625
597.0 903.20654296875
598.0 908.4735107421875
599.0 896.18115234375
600.0 843.927734375
601.0 866.1917724609375
602.0 913.6629028320312
603.0 867.267822265625
604.0 864.764404296875
605.0 868.245361328125
606.0 901.2689208984375
607.0 891.837646484375
608.0 952.826904296875
609.0 922.9698486328125
610.0 896.4273071289062
611.0 921.940185546875
612.0 984.7674560546875
613.0 877.0306396484375
614.0 891.2586669921875
615.0 884.9923095703125
616.0 926.9638061523438
617.0 872.8460693359375
618.0 929.9797973632812
619.0 963.63232421875
620.0 921.5118408203125
621.0 898.6533813476562
622.0 870.8792724609375
623.0 911.0067749023438
624.0 911.509521484375
625.0 922.916748046875
626.0 921.0015869140625
627.0 862.8936767578125
628.0 894.4871215820312
629.0 930.3819580078125
630.0 923.0060424804688
631.0 890.278076171875
632.0 858.5227661132812
633.0 910.1142578125
634.0 915.6507568359375
635.0 916.1945190429688
636.0 898.2293701171875
637.0 905.28662109375
638.0 911.9131469726562
639.0 897.854248046875
640.0 916.0983276367188
641.0 942.8960571289062
642.0 867.2108154296875
643.0 922.856689453125
644.0 865.5037841796875
645.0 936.2310791015625
646.0 955.5313720703125
647.0 961.6375732421875
648.0 948.776123046875
649.0 919.7452392578125
650.0 905.807373046875
651.0 876.7222290039062
652.0 916.6530151367188
653.0 950.6572875976562
654.0 899.7835693359375
655.0 886.9865112304688
656.0 882.09716796875
657.0 929.6251220703125
658.0 920.4853515625
659.0 859.5352783203125
660.0 870.312255859375
661.0 887.541748046875
662.0 889.0186767578125
663.0 896.3344116210938
664.0 912.6873779296875
665.0 952.8953857421875
666.0 944.9437255859375
667.0 895.643798828125
668.0 911.2364501953125
669.0 923.931396484375
670.0 916.2840576171875
671.0 890.590087890625
672.0 895.0029296875
673.0 948.3018798828125
674.0 920.014404296875
675.0 970.5609130859375
676.0 947.487548828125
677.0 951.044189453125
678.0 886.285400390625
679.0 891.9099731445312
680.0 863.5934448242188
681.0 881.2817993164062
682.0 878.3463745117188
683.0 865.2313232421875
684.0 852.7413330078125
685.0 872.8123779296875
686.0 896.611328125
687.0 949.8507080078125
688.0 929.12353515625
689.0 873.1553955078125
690.0 877.84423828125
691.0 905.68505859375
692.0 903.49462890625
693.0 914.2740478515625
694.0 877.9420166015625
695.0 872.9124755859375
696.0 951.6231689453125
697.0 934.75
698.0 877.1181640625
699.0 896.5181884765625
700.0 951.91845703125
701.0 906.1080322265625
702.0 888.4598388671875
703.0 904.166259765625
704.0 899.9625854492188
705.0 910.2117919921875
706.0 940.3865356445312
707.0 934.9408569335938
708.0 977.7261962890625
709.0 890.7095947265625
710.0 908.1007080078125
711.0 918.406005859375
712.0 894.9759521484375
713.0 707.4354858398438
714.0 714.1527099609375
715.0 878.9635009765625
716.0 855.3082275390625
717.0 872.6881713867188
718.0 916.689208984375
719.0 884.5517578125
720.0 902.9766845703125
721.0 908.8624267578125
722.0 872.974853515625
723.0 866.2547607421875
724.0 861.3125
725.0 868.0401000976562
726.0 886.7803955078125
727.0 881.3612060546875
728.0 878.3145751953125
729.0 886.7255859375
730.0 901.43310546875
731.0 891.9443359375
732.0 859.8648681640625
733.0 838.5355224609375
734.0 834.014404296875
735.0 844.4863891601562
736.0 823.9293823242188
737.0 841.7432861328125
738.0 896.24951171875
739.0 868.794677734375
740.0 886.736328125
741.0 864.2462768554688
742.0 915.96484375
743.0 874.3330688476562
744.0 885.0711669921875
745.0 866.4185791015625
746.0 918.0741577148438
747.0 890.0166015625
748.0 891.4210205078125
749.0 879.513427734375
750.0 877.3870849609375
751.0 879.4962158203125
752.0 880.0162353515625
753.0 878.4068603515625
754.0 872.3727416992188
755.0 916.5933837890625
756.0 898.2471923828125
757.0 847.8990478515625
758.0 862.62255859375
759.0 885.348876953125
760.0 855.6909790039062
761.0 909.7506103515625
762.0 871.282958984375
763.0 878.5868530273438
764.0 873.3524169921875
765.0 896.4451904296875
766.0 894.18212890625
767.0 844.158447265625
768.0 843.3377685546875
769.0 853.0556640625
770.0 871.727294921875
771.0 938.4351196289062
772.0 886.3013305664062
773.0 838.4723510742188
774.0 902.4268188476562
775.0 862.1871337890625
776.0 874.8976440429688
777.0 840.7301025390625
778.0 878.3641357421875
779.0 888.6815185546875
780.0 863.8507080078125
781.0 847.7249755859375
782.0 830.624267578125
783.0 848.0186157226562
784.0 857.181640625
785.0 869.658935546875
786.0 844.45166015625
787.0 868.6473999023438
788.0 893.9417724609375
789.0 888.636474609375
790.0 880.715087890625
791.0 844.5064697265625
792.0 853.2379760742188
793.0 847.2921752929688
794.0 873.5922241210938
795.0 819.962158203125
796.0 846.17333984375
797.0 853.7291259765625
798.0 857.4574584960938
799.0 869.7529296875
800.0 860.372802734375
801.0 837.4357299804688
802.0 857.8088989257812
803.0 867.8787841796875
804.0 842.823974609375
805.0 874.2847900390625
806.0 903.9527587890625
807.0 857.7557373046875
808.0 882.9869384765625
809.0 918.7234497070312
810.0 869.2994384765625
811.0 860.4306640625
812.0 889.86474609375
813.0 860.1572265625
814.0 825.1974487304688
815.0 893.282470703125
816.0 858.9039306640625
817.0 852.56591796875
818.0 856.2239379882812
819.0 809.3436279296875
820.0 852.1610107421875
821.0 845.048095703125
822.0 868.12548828125
823.0 865.825927734375
824.0 848.93505859375
825.0 892.1058349609375
826.0 848.1121826171875
827.0 864.9349365234375
828.0 865.89697265625
829.0 830.939453125
830.0 847.6688842773438
831.0 829.4794921875
832.0 884.7024536132812
833.0 850.40673828125
834.0 885.337158203125
835.0 826.1124267578125
836.0 835.963134765625
837.0 857.490234375
838.0 862.9791259765625
839.0 852.9122314453125
840.0 860.349365234375
841.0 857.0679931640625
842.0 862.0972900390625
843.0 834.96875
844.0 784.8043212890625
845.0 828.734130859375
846.0 822.8760986328125
847.0 858.214599609375
848.0 849.6138916015625
849.0 870.0082397460938
850.0 858.19580078125
851.0 911.7218017578125
852.0 909.5186767578125
853.0 875.618408203125
854.0 865.7691650390625
855.0 812.8419189453125
856.0 874.863525390625
857.0 917.0628662109375
858.0 814.6954345703125
859.0 822.6124877929688
860.0 846.4483642578125
861.0 834.2957153320312
862.0 809.6539306640625
863.0 796.0104370117188
864.0 853.5963134765625
865.0 836.5999145507812
866.0 847.6069946289062
867.0 836.1034545898438
868.0 844.1619873046875
869.0 832.3394775390625
870.0 829.9793090820312
871.0 832.4334716796875
872.0 805.813720703125
873.0 845.9534912109375
874.0 840.8359985351562
875.0 880.405029296875
876.0 819.6215209960938
877.0 854.4539794921875
878.0 868.5386962890625
879.0 862.1341552734375
880.0 811.2997436523438
881.0 802.8779907226562
882.0 854.8614501953125
883.0 852.7906494140625
884.0 835.4642333984375
885.0 844.8695678710938
886.0 869.0123291015625
887.0 822.1240234375
888.0 839.182861328125
889.0 853.28125
890.0 832.7511596679688
891.0 864.1224365234375
892.0 857.2664184570312
893.0 853.3905639648438
894.0 815.379150390625
895.0 911.0906982421875
896.0 858.2269287109375
897.0 809.4373779296875
898.0 846.2823486328125
899.0 859.1553344726562
900.0 861.316162109375
901.0 829.144775390625
902.0 834.8948364257812
903.0 894.2367553710938
904.0 857.827392578125
905.0 814.80029296875
906.0 906.1722412109375
907.0 880.5926513671875
908.0 890.0006713867188
909.0 822.8858642578125
910.0 853.9044189453125
911.0 897.49951171875
912.0 860.8931884765625
913.0 849.2520751953125
914.0 853.2835693359375
915.0 895.231201171875
916.0 869.248046875
917.0 879.6630859375
918.0 831.9386596679688
919.0 856.275146484375
920.0 831.8980712890625
921.0 872.2886352539062
922.0 803.0595092773438
923.0 866.7794799804688
924.0 829.0328369140625
925.0 813.7198486328125
926.0 827.073974609375
927.0 799.106689453125
928.0 854.5731201171875
929.0 890.7225952148438
930.0 852.535888671875
931.0 881.74462890625
932.0 827.9714965820312
933.0 824.0860595703125
934.0 846.9903564453125
935.0 842.8350830078125
936.0 880.4215698242188
937.0 819.02099609375
938.0 832.3690185546875
939.0 826.8978271484375
940.0 835.5001831054688
941.0 816.3773803710938
942.0 817.16162109375
943.0 873.0496826171875
944.0 887.5406494140625
945.0 868.62744140625
946.0 906.6993408203125
947.0 851.5555419921875
948.0 840.3787231445312
949.0 852.724853515625
950.0 856.3640747070312
951.0 822.91455078125
952.0 882.3299560546875
953.0 863.3077392578125
954.0 828.44677734375
955.0 890.515380859375
956.0 864.3607177734375
957.0 843.830810546875
958.0 871.2200317382812
959.0 817.339599609375
960.0 849.5328369140625
961.0 826.9710693359375
962.0 807.2369995117188
963.0 833.3592529296875
964.0 835.9249267578125
965.0 847.2589111328125
966.0 847.95458984375
967.0 829.005859375
968.0 805.48193359375
969.0 816.2060546875
970.0 840.709716796875
971.0 832.822265625
972.0 832.8131103515625
973.0 800.13330078125
974.0 782.1187744140625
975.0 830.5234375
976.0 840.7163696289062
977.0 814.1690063476562
978.0 838.447265625
979.0 866.2467651367188
980.0 810.3544921875
981.0 859.9728393554688
982.0 859.3839111328125
983.0 845.6378173828125
984.0 864.7215576171875
985.0 828.4295654296875
986.0 851.1779174804688
987.0 853.441162109375
988.0 834.861083984375
989.0 917.4974365234375
990.0 912.0665283203125
991.0 875.0281982421875
992.0 839.9435424804688
993.0 864.8250732421875
994.0 851.2861938476562
995.0 816.1429443359375
996.0 831.75439453125
997.0 868.4500732421875
998.0 867.969482421875
999.0 914.64404296875
1000.0 849.9298706054688
1001.0 827.373779296875
1002.0 804.3023681640625
1003.0 809.99609375
1004.0 836.5413818359375
1005.0 822.4720458984375
1006.0 858.6990966796875
1007.0 817.0692138671875
1008.0 828.7054443359375
1009.0 871.4996337890625
1010.0 853.177001953125
1011.0 811.132568359375
1012.0 837.52685546875
1013.0 813.60595703125
1014.0 840.705078125
1015.0 859.0333251953125
1016.0 854.8475341796875
1017.0 848.8231201171875
1018.0 871.5942993164062
1019.0 841.9453125
1020.0 859.851806640625
1021.0 764.390380859375
1022.0 576.7138671875
1023.0 407.023193359375
