string
20201019m2.9_degree/TG_20201019_040back: 20201019m2.9_degree/dark/TG_20201019_058.tif integrated counts_backsubbed
px integrated counts
0.0 202.79086303710938
1.0 -31.241119384765625
2.0 159.94805908203125
3.0 192.10848999023438
4.0 92.09133911132812
5.0 284.3536682128906
6.0 409.923828125
7.0 124.71728515625
8.0 -82.05105590820312
9.0 202.3701171875
10.0 -114.83282470703125
11.0 409.54510498046875
12.0 144.11398315429688
13.0 502.5525817871094
14.0 274.311767578125
15.0 171.640380859375
16.0 19.710357666015625
17.0 292.02130126953125
18.0 192.23727416992188
19.0 -90.47897338867188
20.0 369.4326171875
21.0 126.68157958984375
22.0 151.53512573242188
23.0 217.78878784179688
24.0 -107.258056640625
25.0 -394.9754333496094
26.0 -231.24261474609375
27.0 325.9608459472656
28.0 -49.76580810546875
29.0 149.83551025390625
30.0 373.6945495605469
31.0 247.7398681640625
32.0 653.5491943359375
33.0 595.5214233398438
34.0 442.3192138671875
35.0 289.4731750488281
36.0 365.81085205078125
37.0 -48.18511962890625
38.0 29.3306884765625
39.0 614.8270568847656
40.0 566.5244140625
41.0 146.43145751953125
42.0 158.78939819335938
43.0 -274.18701171875
44.0 -35.89031982421875
45.0 489.9532165527344
46.0 -18.220672607421875
47.0 431.0879821777344
48.0 103.8555908203125
49.0 17.173004150390625
50.0 -137.4029541015625
51.0 -124.82693481445312
52.0 119.42587280273438
53.0 136.88595581054688
54.0 133.64581298828125
55.0 172.71197509765625
56.0 -161.03482055664062
57.0 262.6749572753906
58.0 106.31106567382812
59.0 753.8928527832031
60.0 457.9601135253906
61.0 435.64251708984375
62.0 -104.26666259765625
63.0 -102.89215087890625
64.0 446.2083435058594
65.0 -30.741500854492188
66.0 509.6298522949219
67.0 1350.5477600097656
68.0 497.3293151855469
69.0 144.79147338867188
70.0 276.1715393066406
71.0 120.48379516601562
72.0 275.5125732421875
73.0 421.9234313964844
74.0 140.78033447265625
75.0 218.76809692382812
76.0 684.1544799804688
77.0 146.48040771484375
78.0 482.3365478515625
79.0 1418.7517700195312
80.0 769.7229614257812
81.0 687.3297576904297
82.0 595.9588928222656
83.0 1246.8897399902344
84.0 1048.4233093261719
85.0 1291.7064514160156
86.0 1224.8833312988281
87.0 934.5810546875
88.0 1016.8441467285156
89.0 1568.5372009277344
90.0 1741.9077453613281
91.0 1710.3932189941406
92.0 1384.4019470214844
93.0 1556.9039916992188
94.0 1576.5393981933594
95.0 1969.447021484375
96.0 2038.4172973632812
97.0 2118.920196533203
98.0 2375.248260498047
99.0 1893.7590637207031
100.0 1556.0574340820312
101.0 1351.5271911621094
102.0 1535.7867126464844
103.0 1184.9779052734375
104.0 1370.0315551757812
105.0 672.1194763183594
106.0 1384.3769836425781
107.0 2227.6736755371094
108.0 1569.4286804199219
109.0 1741.9038391113281
110.0 1744.0870361328125
111.0 1864.5205383300781
112.0 1423.7440490722656
113.0 1288.35107421875
114.0 1121.4588317871094
115.0 1486.010498046875
116.0 945.4994506835938
117.0 1160.2064819335938
118.0 823.3623962402344
119.0 561.3282165527344
120.0 -181.74920654296875
121.0 588.8807067871094
122.0 839.3840026855469
123.0 460.8194885253906
124.0 97.64312744140625
125.0 1038.3264770507812
126.0 902.8016052246094
127.0 878.984619140625
128.0 1468.4095764160156
129.0 1070.5164794921875
130.0 1467.8702392578125
131.0 1408.4598693847656
132.0 213.84262084960938
133.0 481.4724426269531
134.0 751.19921875
135.0 -214.95840454101562
136.0 65.00946044921875
137.0 864.6642456054688
138.0 1435.7774353027344
139.0 1095.3511199951172
140.0 784.4309997558594
141.0 936.6177978515625
142.0 926.6298065185547
143.0 1479.9688110351562
144.0 2411.014892578125
145.0 954.3099060058594
146.0 1843.8793640136719
147.0 2018.1989440917969
148.0 3198.760223388672
149.0 4078.4571838378906
150.0 4100.3929443359375
151.0 4234.905975341797
152.0 4566.804107666016
153.0 4784.988525390625
154.0 3509.0421142578125
155.0 2606.09912109375
156.0 2963.0877380371094
157.0 2831.396453857422
158.0 1293.310302734375
159.0 1562.4390258789062
160.0 1497.6463623046875
161.0 1994.3568878173828
162.0 2143.9677734375
163.0 1825.5104064941406
164.0 865.4652099609375
165.0 1561.4120483398438
166.0 1803.7398681640625
167.0 1250.0709533691406
168.0 1825.7031555175781
169.0 1803.8963928222656
170.0 1329.5067443847656
171.0 1238.6509399414062
172.0 1782.3465270996094
173.0 1848.8241882324219
174.0 1448.570556640625
175.0 1720.2043762207031
176.0 1535.7750244140625
177.0 1503.1804504394531
178.0 1846.0031127929688
179.0 1932.3674621582031
180.0 2269.017059326172
181.0 2505.223175048828
182.0 2712.525360107422
183.0 2811.152587890625
184.0 3066.9078979492188
185.0 2778.443145751953
186.0 2927.9692993164062
187.0 2442.848114013672
188.0 1953.1000671386719
189.0 3251.824737548828
190.0 3025.6640625
191.0 2022.1862182617188
192.0 1808.9638671875
193.0 1835.8403930664062
194.0 1552.2464599609375
195.0 1559.1697082519531
196.0 1151.6962585449219
197.0 1524.1834106445312
198.0 1941.2962646484375
199.0 1946.26513671875
200.0 2032.3828430175781
201.0 1615.0034484863281
202.0 1581.2551574707031
203.0 2039.1432189941406
204.0 1499.7425537109375
205.0 1057.5668029785156
206.0 951.65576171875
207.0 826.0560913085938
208.0 1007.9393920898438
209.0 878.6390686035156
210.0 1116.702880859375
211.0 1169.8157043457031
212.0 1102.3757629394531
213.0 1569.25
214.0 1847.1704406738281
215.0 2541.020782470703
216.0 1331.885726928711
217.0 2284.295135498047
218.0 3009.6888122558594
219.0 3086.1644287109375
220.0 3307.793243408203
221.0 3629.3253479003906
222.0 4638.866729736328
223.0 4165.421936035156
224.0 4329.726364135742
225.0 4342.625183105469
226.0 4113.584655761719
227.0 5382.3446044921875
228.0 5072.242889404297
229.0 5070.719940185547
230.0 6321.861358642578
231.0 6337.122650146484
232.0 5639.648162841797
233.0 5689.873352050781
234.0 5729.344543457031
235.0 411.7269744873047
236.0 -3219.7242736816406
237.0 5902.463043212891
238.0 4241.757598876953
239.0 4138.518859863281
240.0 3280.1098022460938
241.0 3738.088134765625
242.0 3385.7734375
243.0 3672.7220764160156
244.0 3397.482421875
245.0 3626.3226776123047
246.0 5615.4544677734375
247.0 4003.110809326172
248.0 4290.739776611328
249.0 4395.533508300781
250.0 3913.9520263671875
251.0 4498.013000488281
252.0 4682.298370361328
253.0 5429.226318359375
254.0 7312.161193847656
255.0 10049.802856445312
256.0 10761.39517211914
257.0 11141.895202636719
258.0 11876.831237792969
259.0 11715.01644897461
260.0 11160.602508544922
261.0 9364.222045898438
262.0 9413.015655517578
263.0 10582.859619140625
264.0 10125.764953613281
265.0 10186.03939819336
266.0 11233.03530883789
267.0 11331.24301147461
268.0 11163.183135986328
269.0 9746.824340820312
270.0 9634.591094970703
271.0 11237.025848388672
272.0 12602.689208984375
273.0 13503.24755859375
274.0 14257.2568359375
275.0 14265.151428222656
276.0 13561.826599121094
277.0 13384.933227539062
278.0 12246.989562988281
279.0 11194.294616699219
280.0 10726.439636230469
281.0 10965.984802246094
282.0 11014.446228027344
283.0 10096.201904296875
284.0 10056.962677001953
285.0 9599.83853149414
286.0 8937.019439697266
287.0 8566.870361328125
288.0 8969.425170898438
289.0 9105.304321289062
290.0 9642.172668457031
291.0 10274.863525390625
292.0 10284.031555175781
293.0 9254.586212158203
294.0 9945.446166992188
295.0 10336.955291748047
296.0 9776.507293701172
297.0 9708.206970214844
298.0 9333.658966064453
299.0 10187.494171142578
300.0 9947.314422607422
301.0 10057.876770019531
302.0 10026.975891113281
303.0 10465.529327392578
304.0 11167.681884765625
305.0 11253.459838867188
306.0 10266.443084716797
307.0 10145.540405273438
308.0 10833.240905761719
309.0 11116.913879394531
310.0 11482.758117675781
311.0 12258.032897949219
312.0 13073.663940429688
313.0 14973.532348632812
314.0 16656.79119873047
315.0 18931.049865722656
316.0 19599.693786621094
317.0 20546.0732421875
318.0 20123.2578125
319.0 19420.451110839844
320.0 17839.408081054688
321.0 16200.070983886719
322.0 14496.162963867188
323.0 15063.417785644531
324.0 15577.737670898438
325.0 16467.747436523438
326.0 16797.352111816406
327.0 15872.606567382812
328.0 17423.91064453125
329.0 18362.718200683594
330.0 19400.910583496094
331.0 19230.496215820312
332.0 22387.092407226562
333.0 21327.288696289062
334.0 19328.203674316406
335.0 19518.497924804688
336.0 18619.947814941406
337.0 18261.18682861328
338.0 17852.593383789062
339.0 16359.542236328125
340.0 17243.02197265625
341.0 18060.226928710938
342.0 18644.61981201172
343.0 18719.206176757812
344.0 18151.165161132812
345.0 19526.1689453125
346.0 19221.3544921875
347.0 19308.22137451172
348.0 19052.422607421875
349.0 19834.194580078125
350.0 20475.844604492188
351.0 23181.876953125
352.0 21619.976440429688
353.0 23042.160400390625
354.0 25260.429443359375
355.0 26465.046508789062
356.0 27384.476318359375
357.0 25778.166625976562
358.0 26433.85400390625
359.0 25916.743896484375
360.0 26220.181762695312
361.0 25872.264038085938
362.0 25489.7001953125
363.0 27989.10400390625
364.0 30564.905517578125
365.0 30205.289428710938
366.0 30305.631469726562
367.0 30745.65234375
368.0 29380.330810546875
369.0 27669.979736328125
370.0 27378.1103515625
371.0 28276.87158203125
372.0 28860.12890625
373.0 30299.025756835938
374.0 32568.742919921875
375.0 34900.107177734375
376.0 36103.72265625
377.0 35741.936767578125
378.0 35268.27783203125
379.0 34388.98278808594
380.0 31409.736572265625
381.0 29436.858642578125
382.0 29048.9619140625
383.0 28750.996337890625
384.0 29717.251831054688
385.0 31613.524047851562
386.0 33756.36071777344
387.0 31169.79736328125
388.0 30088.582885742188
389.0 27883.827270507812
390.0 27258.459106445312
391.0 26489.668212890625
392.0 25659.809448242188
393.0 26942.14501953125
394.0 27715.425903320312
395.0 28190.307373046875
396.0 28606.2880859375
397.0 29799.58740234375
398.0 31155.33251953125
399.0 33906.72497558594
400.0 36277.902099609375
401.0 42667.049072265625
402.0 50797.198974609375
403.0 58864.93603515625
404.0 63773.085693359375
405.0 67131.587890625
406.0 68998.61010742188
407.0 69827.65600585938
408.0 65815.64501953125
409.0 56388.51220703125
410.0 48380.826904296875
411.0 43738.77978515625
412.0 40274.465087890625
413.0 38326.546875
414.0 37081.765625
415.0 35147.1650390625
416.0 34680.10021972656
417.0 34801.33837890625
418.0 34340.765380859375
419.0 33640.6220703125
420.0 35713.57092285156
421.0 35927.20959472656
422.0 34206.132080078125
423.0 34405.00830078125
424.0 34289.84875488281
425.0 34460.980712890625
426.0 35325.55419921875
427.0 34605.03869628906
428.0 34541.65002441406
429.0 35435.80090332031
430.0 36991.311279296875
431.0 39060.408203125
432.0 39772.21276855469
433.0 39360.56359863281
434.0 39443.39111328125
435.0 39242.85925292969
436.0 38711.17150878906
437.0 38382.41833496094
438.0 37414.595458984375
439.0 39028.84387207031
440.0 40489.419921875
441.0 41767.3740234375
442.0 43499.318115234375
443.0 45448.132568359375
444.0 47609.313232421875
445.0 48857.535400390625
446.0 50146.162841796875
447.0 49825.862548828125
448.0 50028.124755859375
449.0 51294.938232421875
450.0 53092.752197265625
451.0 54534.40234375
452.0 55282.5205078125
453.0 51304.0390625
454.0 47022.418701171875
455.0 41783.32336425781
456.0 37829.35498046875
457.0 35158.215576171875
458.0 33097.665283203125
459.0 31803.220581054688
460.0 30104.654541015625
461.0 28333.999389648438
462.0 27554.784301757812
463.0 24527.730590820312
464.0 19140.575073242188
465.0 13695.8603515625
466.0 10105.86703491211
467.0 7475.6644287109375
468.0 7152.125640869141
469.0 6629.4334716796875
470.0 6972.501312255859
471.0 6883.258575439453
472.0 7407.034118652344
473.0 6401.624755859375
474.0 6694.940521240234
475.0 6707.550994873047
476.0 6159.859924316406
477.0 6872.958984375
478.0 6995.568817138672
479.0 6709.455718994141
480.0 6482.457366943359
481.0 6361.005798339844
482.0 6301.869720458984
483.0 5773.40869140625
484.0 7401.129943847656
485.0 6002.464004516602
486.0 6484.35075378418
487.0 7020.646942138672
488.0 7573.081115722656
489.0 5979.169418334961
490.0 6494.877685546875
491.0 6706.335021972656
492.0 7137.307434082031
493.0 7151.818389892578
494.0 6711.454650878906
495.0 7479.795562744141
496.0 6488.679290771484
497.0 6987.042907714844
498.0 7414.302032470703
499.0 7225.379669189453
500.0 8190.901123046875
501.0 7738.287139892578
502.0 7104.991058349609
503.0 7573.050506591797
504.0 8768.704223632812
505.0 8833.015533447266
506.0 8365.797149658203
507.0 8579.353912353516
508.0 8659.060943603516
509.0 9010.998168945312
510.0 9123.919799804688
511.0 9153.560089111328
512.0 9746.96987915039
513.0 10372.602355957031
514.0 9999.362731933594
515.0 11712.6533203125
516.0 10976.710205078125
517.0 10995.774475097656
518.0 11267.024627685547
519.0 10955.22787475586
520.0 11286.915924072266
521.0 11051.419219970703
522.0 11750.5205078125
523.0 12018.03793334961
524.0 12648.379211425781
525.0 12622.336669921875
526.0 12859.745544433594
527.0 12563.213928222656
528.0 12049.01351928711
529.0 11736.21499633789
530.0 12593.58056640625
531.0 11828.495727539062
532.0 13090.244689941406
533.0 13282.802001953125
534.0 14791.595703125
535.0 16925.770446777344
536.0 16293.484313964844
537.0 17510.907165527344
538.0 17270.54248046875
539.0 17262.2744140625
540.0 15718.451354980469
541.0 16341.708374023438
542.0 15454.143310546875
543.0 13553.39877319336
544.0 13755.061126708984
545.0 13793.257080078125
546.0 13077.30111694336
547.0 13423.758666992188
548.0 15292.111511230469
549.0 14146.364013671875
550.0 15954.4033203125
551.0 14107.76953125
552.0 15071.131469726562
553.0 14308.590270996094
554.0 14923.409362792969
555.0 15445.720031738281
556.0 15628.144714355469
557.0 17271.824157714844
558.0 17767.311767578125
559.0 19162.119384765625
560.0 20717.2294921875
561.0 20953.4697265625
562.0 21532.17333984375
563.0 23395.326904296875
564.0 23871.295776367188
565.0 23678.413818359375
566.0 23938.158569335938
567.0 24591.702880859375
568.0 24121.826904296875
569.0 24820.630004882812
570.0 24124.817749023438
571.0 23777.128295898438
572.0 23847.12872314453
573.0 22824.998046875
574.0 22979.418029785156
575.0 22065.619567871094
576.0 22081.153198242188
577.0 21691.896728515625
578.0 20916.17608642578
579.0 20956.808837890625
580.0 22251.758422851562
581.0 23495.774658203125
582.0 23545.31494140625
583.0 23060.186767578125
584.0 22566.340209960938
585.0 22654.27490234375
586.0 22546.027465820312
587.0 24130.17236328125
588.0 28245.951538085938
589.0 33212.85607910156
590.0 39391.396728515625
591.0 40488.99206542969
592.0 42079.701171875
593.0 42692.42529296875
594.0 42514.810546875
595.0 38056.50158691406
596.0 31577.633666992188
597.0 26423.79638671875
598.0 23897.193969726562
599.0 24034.9287109375
600.0 24720.476684570312
601.0 24894.473510742188
602.0 25261.559448242188
603.0 26045.523193359375
604.0 27140.676635742188
605.0 27887.109619140625
606.0 27039.315795898438
607.0 26890.575927734375
608.0 28147.887084960938
609.0 27395.247314453125
610.0 28556.133178710938
611.0 29465.402221679688
612.0 29163.28369140625
613.0 28122.733764648438
614.0 27723.478637695312
615.0 26735.60693359375
616.0 25314.013793945312
617.0 24329.47607421875
618.0 23792.311767578125
619.0 22573.267456054688
620.0 22057.115478515625
621.0 22394.324340820312
622.0 22982.797424316406
623.0 25109.857543945312
624.0 29464.879150390625
625.0 34019.7021484375
626.0 37959.83361816406
627.0 42124.295654296875
628.0 48057.21142578125
629.0 55371.443359375
630.0 58616.2666015625
631.0 59416.53857421875
632.0 60525.396240234375
633.0 61999.52587890625
634.0 60379.684326171875
635.0 56189.39892578125
636.0 51463.085205078125
637.0 48300.01171875
638.0 45112.91271972656
639.0 42697.91796875
640.0 44398.29406738281
641.0 47804.62939453125
642.0 58607.068115234375
643.0 71730.93041992188
644.0 73690.86889648438
645.0 78691.15209960938
646.0 91231.03271484375
647.0 98434.17236328125
648.0 97992.6103515625
649.0 89831.533203125
650.0 90353.94873046875
651.0 102499.69677734375
652.0 103457.85009765625
653.0 97507.56298828125
654.0 100508.38720703125
655.0 102094.56494140625
656.0 101046.1669921875
657.0 90605.74389648438
658.0 82322.75659179688
659.0 80439.27172851562
660.0 79175.27587890625
661.0 78669.3984375
662.0 74559.30419921875
663.0 72876.33813476562
664.0 72781.64770507812
665.0 71112.79150390625
666.0 68965.8623046875
667.0 68012.86328125
668.0 66937.6474609375
669.0 67844.55810546875
670.0 70502.35546875
671.0 80344.31127929688
672.0 96390.47265625
673.0 108452.2197265625
674.0 111543.08837890625
675.0 119787.04150390625
676.0 126398.3525390625
677.0 126006.87353515625
678.0 122444.9375
679.0 114884.78271484375
680.0 113518.5439453125
681.0 120136.69873046875
682.0 121625.96044921875
683.0 125590.30859375
684.0 128670.74267578125
685.0 133831.21533203125
686.0 131627.5087890625
687.0 125025.048828125
688.0 123905.89892578125
689.0 125598.1962890625
690.0 138041.5126953125
691.0 158349.98291015625
692.0 175401.849609375
693.0 187668.9169921875
694.0 198998.8671875
695.0 209163.9189453125
696.0 216975.6552734375
697.0 210861.015625
698.0 203118.498046875
699.0 187475.8779296875
700.0 184961.677734375
701.0 184568.5126953125
702.0 174495.02197265625
703.0 154379.5703125
704.0 129352.78271484375
705.0 116370.01708984375
706.0 112547.669921875
707.0 114543.8642578125
708.0 117304.69482421875
709.0 120369.89453125
710.0 120343.6044921875
711.0 123560.0791015625
712.0 128572.267578125
713.0 134714.55517578125
714.0 139331.001953125
715.0 146766.099609375
716.0 163725.7275390625
717.0 189433.11328125
718.0 220216.34375
719.0 246409.0830078125
720.0 269949.013671875
721.0 290213.7216796875
722.0 301698.0283203125
723.0 321533.2255859375
724.0 321612.3857421875
725.0 311072.2783203125
726.0 302436.927734375
727.0 296905.9697265625
728.0 297158.7744140625
729.0 303562.5966796875
730.0 276032.4189453125
731.0 248355.0869140625
732.0 231280.017578125
733.0 217495.51171875
734.0 197473.0830078125
735.0 161797.806640625
736.0 135126.14599609375
737.0 124450.51611328125
738.0 135112.95166015625
739.0 149591.2421875
740.0 162679.38671875
741.0 168804.1005859375
742.0 169384.53857421875
743.0 174366.67138671875
744.0 174087.7646484375
745.0 166599.4189453125
746.0 155277.79833984375
747.0 142060.22216796875
748.0 140581.85888671875
749.0 136177.18359375
750.0 134650.72216796875
751.0 131825.17138671875
752.0 131121.4794921875
753.0 130700.43994140625
754.0 127875.435546875
755.0 116937.5654296875
756.0 101874.67651367188
757.0 93067.13330078125
758.0 88676.54614257812
759.0 88408.7783203125
760.0 87982.38110351562
761.0 86746.67065429688
762.0 84733.26708984375
763.0 80629.234375
764.0 78456.01416015625
765.0 77517.75708007812
766.0 74554.494140625
767.0 71822.72778320312
768.0 72191.23559570312
769.0 70031.33911132812
770.0 68619.90258789062
771.0 69822.88012695312
772.0 69215.05102539062
773.0 68139.8349609375
774.0 72153.56518554688
775.0 68934.26416015625
776.0 67858.1279296875
777.0 69113.41479492188
778.0 69977.49389648438
779.0 72982.42456054688
780.0 75356.796875
781.0 78941.56005859375
782.0 80807.462890625
783.0 83091.55029296875
784.0 87299.57104492188
785.0 87541.3779296875
786.0 90759.29833984375
787.0 90037.978515625
788.0 88648.40405273438
789.0 89896.79467773438
790.0 89449.65771484375
791.0 84575.28491210938
792.0 78585.43798828125
793.0 77263.81127929688
794.0 73372.97802734375
795.0 73138.77661132812
796.0 70310.95532226562
797.0 68679.525390625
798.0 67776.85913085938
799.0 67945.68579101562
800.0 68347.21044921875
801.0 66981.1533203125
802.0 67593.16870117188
803.0 68698.41674804688
804.0 69756.78759765625
805.0 69877.47680664062
806.0 70285.11328125
807.0 68667.60888671875
808.0 70549.38354492188
809.0 70931.9970703125
810.0 68389.23291015625
811.0 66375.45068359375
812.0 65941.44897460938
813.0 63654.8916015625
814.0 61846.997802734375
815.0 60431.06005859375
816.0 57629.927001953125
817.0 57636.6279296875
818.0 57717.265869140625
819.0 57425.343505859375
820.0 58368.878173828125
821.0 54995.646484375
822.0 54381.05322265625
823.0 53549.222412109375
824.0 53552.83996582031
825.0 51542.146240234375
826.0 50341.445068359375
827.0 48861.61083984375
828.0 48796.1376953125
829.0 49527.5341796875
830.0 49304.8798828125
831.0 47258.82482910156
832.0 48074.025634765625
833.0 47211.06884765625
834.0 47227.98522949219
835.0 44940.5361328125
836.0 45174.24401855469
837.0 45774.65966796875
838.0 45048.85852050781
839.0 43225.755859375
840.0 41658.76171875
841.0 41890.762451171875
842.0 41057.22644042969
843.0 39087.99853515625
844.0 40834.45959472656
845.0 39807.71887207031
846.0 39198.718505859375
847.0 40815.434814453125
848.0 40545.59423828125
849.0 42407.15515136719
850.0 44394.4345703125
851.0 47242.104736328125
852.0 56236.25537109375
853.0 65486.829833984375
854.0 74864.55859375
855.0 91672.90087890625
856.0 126613.427734375
857.0 182772.0654296875
858.0 223153.845703125
859.0 289003.7802734375
860.0 430293.203125
861.0 560053.265625
862.0 585514.521484375
863.0 619564.68359375
864.0 717491.578125
865.0 704744.814453125
866.0 643029.318359375
867.0 505376.498046875
868.0 414691.1796875
869.0 376743.6767578125
870.0 334876.2958984375
871.0 279984.7255859375
872.0 280745.564453125
873.0 382734.384765625
874.0 559068.697265625
875.0 824697.75
876.0 1145028.3046875
877.0 1520195.1640625
878.0 1878925.2109375
879.0 2201885.03125
880.0 2441256.203125
881.0 2435445.0078125
882.0 2264524.296875
883.0 2094649.453125
884.0 1836812.5703125
885.0 1608744.69140625
886.0 1332678.83984375
887.0 1174571.55859375
888.0 1108195.80859375
889.0 1112820.87109375
890.0 1094040.23046875
891.0 990401.10546875
892.0 860244.3515625
893.0 726410.044921875
894.0 636338.939453125
895.0 534846.251953125
896.0 422069.7265625
897.0 309316.068359375
898.0 236068.1279296875
899.0 196458.837890625
900.0 159538.55078125
901.0 121503.98583984375
902.0 100516.73022460938
903.0 92579.35375976562
904.0 95524.86474609375
905.0 117767.3046875
906.0 145564.81982421875
907.0 178541.07763671875
908.0 221890.720703125
909.0 241925.005859375
910.0 259598.36328125
911.0 262737.396484375
912.0 243921.2041015625
913.0 215055.646484375
914.0 194886.275390625
915.0 165610.7099609375
916.0 144845.88330078125
917.0 136898.7255859375
918.0 137191.8291015625
919.0 152319.18212890625
920.0 159105.3994140625
921.0 151036.845703125
922.0 135539.4599609375
923.0 131708.70166015625
924.0 125076.3125
925.0 109295.7431640625
926.0 94315.44921875
927.0 78737.953125
928.0 75288.23974609375
929.0 75483.39404296875
930.0 65336.527099609375
931.0 57727.497314453125
932.0 54586.38415527344
933.0 54370.131591796875
934.0 51166.01220703125
935.0 49555.90710449219
936.0 47333.52551269531
937.0 47043.80407714844
938.0 42887.44665527344
939.0 43693.9931640625
940.0 47607.36022949219
941.0 42356.21484375
942.0 38734.905029296875
943.0 41474.88220214844
944.0 41860.467041015625
945.0 40367.783935546875
946.0 38161.84094238281
947.0 42685.464599609375
948.0 40580.85754394531
949.0 42480.6826171875
950.0 41435.99450683594
951.0 43371.078369140625
952.0 44194.50695800781
953.0 42540.940673828125
954.0 41638.750732421875
955.0 41436.33410644531
956.0 41657.693603515625
957.0 48213.659912109375
958.0 45797.645751953125
959.0 44819.049072265625
960.0 46196.91516113281
961.0 45044.73425292969
962.0 46471.84765625
963.0 47019.7685546875
964.0 46906.15515136719
965.0 46918.29821777344
966.0 48638.007568359375
967.0 51124.058349609375
968.0 53994.3505859375
969.0 51334.7890625
970.0 52061.59338378906
971.0 59185.248046875
972.0 56631.56677246094
973.0 54701.083984375
974.0 60735.057861328125
975.0 66111.0009765625
976.0 65794.4755859375
977.0 66221.74072265625
978.0 70382.69262695312
979.0 70500.37744140625
980.0 74834.6806640625
981.0 74127.67553710938
982.0 77872.64282226562
983.0 83040.63208007812
984.0 84927.072265625
985.0 90187.404296875
986.0 90855.8759765625
987.0 91953.45703125
988.0 95435.09350585938
989.0 98664.8662109375
990.0 100386.6845703125
991.0 106551.177734375
992.0 113717.04052734375
993.0 117286.66259765625
994.0 118407.7197265625
995.0 124450.64501953125
996.0 131579.82080078125
997.0 136947.7470703125
998.0 142040.6181640625
999.0 144355.57568359375
1000.0 154817.4580078125
1001.0 164627.61474609375
1002.0 169180.20654296875
1003.0 179627.2880859375
1004.0 186884.76953125
1005.0 196460.9169921875
1006.0 213816.482421875
1007.0 230811.509765625
1008.0 238026.365234375
1009.0 256714.490234375
1010.0 282059.0322265625
1011.0 306750.1513671875
1012.0 318796.28125
1013.0 348991.7841796875
1014.0 378939.29296875
1015.0 416017.5390625
1016.0 465060.921875
1017.0 523908.279296875
1018.0 590412.59765625
1019.0 669136.25390625
1020.0 770179.15234375
1021.0 901357.375
1022.0 790155.71875
1023.0 526920.11328125
