string
20201019m4_degree/TG_20201019_123back: 20201019m4_degree/dark/TG_20201019_058.tif integrated counts_backsubbed
px integrated counts
0.0 17256.67138671875
1.0 25387.90283203125
2.0 31479.280029296875
3.0 31681.906127929688
4.0 30788.794921875
5.0 30364.801391601562
6.0 30546.43798828125
7.0 30663.106567382812
8.0 29736.940063476562
9.0 29463.200073242188
10.0 28950.782104492188
11.0 28516.54931640625
12.0 28412.871337890625
13.0 28479.4697265625
14.0 28316.443969726562
15.0 28374.10302734375
16.0 27943.990112304688
17.0 28198.902954101562
18.0 28256.970092773438
19.0 28337.817260742188
20.0 28674.510131835938
21.0 28313.475341796875
22.0 28588.970825195312
23.0 28221.7216796875
24.0 27841.06982421875
25.0 27141.625610351562
26.0 27252.182983398438
27.0 28868.533203125
28.0 27999.818115234375
29.0 27337.7412109375
30.0 27958.485961914062
31.0 27779.718017578125
32.0 28820.324096679688
33.0 29061.65234375
34.0 29705.181762695312
35.0 30358.023559570312
36.0 29729.053955078125
37.0 29285.247680664062
38.0 30107.115600585938
39.0 30576.8974609375
40.0 30233.685302734375
41.0 29427.116943359375
42.0 29598.550659179688
43.0 29593.725219726562
44.0 30218.722290039062
45.0 30834.650268554688
46.0 30050.4833984375
47.0 30722.062377929688
48.0 31046.158081054688
49.0 30736.272216796875
50.0 29774.689331054688
51.0 30608.115844726562
52.0 30751.666137695312
53.0 31449.274536132812
54.0 31579.224365234375
55.0 31204.036499023438
56.0 32465.899169921875
57.0 32999.13049316406
58.0 31281.541259765625
59.0 30716.234008789062
60.0 30293.336669921875
61.0 29609.54931640625
62.0 28549.526000976562
63.0 28073.705322265625
64.0 28141.428100585938
65.0 27347.022216796875
66.0 26968.765991210938
67.0 27598.724243164062
68.0 27089.73095703125
69.0 27499.024291992188
70.0 27196.084350585938
71.0 26373.845581054688
72.0 26528.58203125
73.0 26567.86328125
74.0 26491.2197265625
75.0 25898.6162109375
76.0 25763.095825195312
77.0 25463.578735351562
78.0 25551.44189453125
79.0 25658.933349609375
80.0 25740.970336914062
81.0 25470.642944335938
82.0 25598.3662109375
83.0 25412.43701171875
84.0 25250.18408203125
85.0 26479.918212890625
86.0 26190.802978515625
87.0 24622.602172851562
88.0 25254.274169921875
89.0 26359.45849609375
90.0 27140.449584960938
91.0 27930.746948242188
92.0 28021.552368164062
93.0 29767.012329101562
94.0 30410.97412109375
95.0 31276.27099609375
96.0 30354.316772460938
97.0 30814.02685546875
98.0 30867.501708984375
99.0 29747.342163085938
100.0 29112.416137695312
101.0 30086.00439453125
102.0 29495.783447265625
103.0 29533.942626953125
104.0 30003.750366210938
105.0 30918.448120117188
106.0 32351.564697265625
107.0 33959.4169921875
108.0 34019.5087890625
109.0 35834.352294921875
110.0 35818.908203125
111.0 35900.708740234375
112.0 35323.76806640625
113.0 33505.669189453125
114.0 33692.881103515625
115.0 34210.076171875
116.0 33861.105224609375
117.0 34607.6435546875
118.0 34887.11474609375
119.0 34871.89306640625
120.0 35050.506103515625
121.0 36005.685791015625
122.0 36304.852294921875
123.0 34893.24951171875
124.0 34441.01416015625
125.0 35397.18359375
126.0 35435.8876953125
127.0 35010.0390625
128.0 37348.897705078125
129.0 41739.53857421875
130.0 44991.894775390625
131.0 45757.409423828125
132.0 46678.0908203125
133.0 47699.202880859375
134.0 46890.407958984375
135.0 41853.762939453125
136.0 37074.530029296875
137.0 34273.3056640625
138.0 33437.885498046875
139.0 34133.68603515625
140.0 33888.15869140625
141.0 34347.13525390625
142.0 35726.049072265625
143.0 37858.931640625
144.0 40103.279541015625
145.0 41762.7646484375
146.0 42693.452392578125
147.0 42591.302734375
148.0 42481.194091796875
149.0 40266.62060546875
150.0 36121.119140625
151.0 32312.767822265625
152.0 31849.854125976562
153.0 31529.213134765625
154.0 30512.82275390625
155.0 30658.837524414062
156.0 30182.54052734375
157.0 29776.879516601562
158.0 29302.218872070312
159.0 29709.314086914062
160.0 29724.6025390625
161.0 30822.403564453125
162.0 30945.31494140625
163.0 31133.240966796875
164.0 31830.10107421875
165.0 33413.407958984375
166.0 35231.049560546875
167.0 35172.99169921875
168.0 35339.57958984375
169.0 35455.668701171875
170.0 34345.7138671875
171.0 34579.11083984375
172.0 34115.723388671875
173.0 32618.377563476562
174.0 32949.289794921875
175.0 31861.895263671875
176.0 31224.068603515625
177.0 30792.201416015625
178.0 31953.329711914062
179.0 30409.16357421875
180.0 31116.182373046875
181.0 31793.566528320312
182.0 32077.717529296875
183.0 32553.6748046875
184.0 34937.91064453125
185.0 35899.053466796875
186.0 36777.396484375
187.0 37174.119384765625
188.0 37417.364013671875
189.0 37657.104248046875
190.0 36384.912109375
191.0 34873.10107421875
192.0 34159.494873046875
193.0 33527.71484375
194.0 32546.408447265625
195.0 33432.059814453125
196.0 33643.28369140625
197.0 34134.86950683594
198.0 34931.6630859375
199.0 35547.917236328125
200.0 35643.19140625
201.0 36416.55224609375
202.0 37748.1259765625
203.0 39970.375732421875
204.0 40820.48193359375
205.0 40281.3046875
206.0 42070.216064453125
207.0 43882.807373046875
208.0 47419.322998046875
209.0 47135.696044921875
210.0 43788.346435546875
211.0 44708.615478515625
212.0 44873.89892578125
213.0 44930.129150390625
214.0 41461.337646484375
215.0 37341.962158203125
216.0 33268.14599609375
217.0 33792.307861328125
218.0 33490.98083496094
219.0 33016.44677734375
220.0 32246.169311523438
221.0 31708.24462890625
222.0 31652.877197265625
223.0 31955.265380859375
224.0 31300.594970703125
225.0 31254.320190429688
226.0 31128.864624023438
227.0 32296.088134765625
228.0 31855.659790039062
229.0 31825.604614257812
230.0 33708.7978515625
231.0 34094.22900390625
232.0 33782.968505859375
233.0 34038.328369140625
234.0 34206.459716796875
235.0 28845.511108398438
236.0 25262.643432617188
237.0 33610.23400878906
238.0 32252.003051757812
239.0 32553.023071289062
240.0 32338.338623046875
241.0 32673.641357421875
242.0 32586.057006835938
243.0 33276.089111328125
244.0 33831.898681640625
245.0 34920.563232421875
246.0 35190.54541015625
247.0 35918.4267578125
248.0 36605.242919921875
249.0 37896.20703125
250.0 38077.295166015625
251.0 38444.271240234375
252.0 38497.52392578125
253.0 38688.792236328125
254.0 40021.939453125
255.0 41363.468505859375
256.0 42070.58203125
257.0 42830.8388671875
258.0 44146.467041015625
259.0 43987.09228515625
260.0 44840.471923828125
261.0 44798.16748046875
262.0 45710.822509765625
263.0 44769.95068359375
264.0 43688.660888671875
265.0 43670.694580078125
266.0 43585.20068359375
267.0 42679.515869140625
268.0 41430.755126953125
269.0 39800.195556640625
270.0 39197.687744140625
271.0 41193.26806640625
272.0 41538.909912109375
273.0 40804.25146484375
274.0 41436.762451171875
275.0 42836.891357421875
276.0 41218.65771484375
277.0 40378.74560546875
278.0 38262.51708984375
279.0 36896.682373046875
280.0 37236.587158203125
281.0 37492.822998046875
282.0 37546.3447265625
283.0 36322.7666015625
284.0 35961.795654296875
285.0 35945.9423828125
286.0 35747.19921875
287.0 35311.868408203125
288.0 35700.367431640625
289.0 36437.14404296875
290.0 36722.805908203125
291.0 37355.871826171875
292.0 38511.80908203125
293.0 38065.53759765625
294.0 38389.22509765625
295.0 37547.991943359375
296.0 38424.896728515625
297.0 37903.118408203125
298.0 37343.213623046875
299.0 37495.855224609375
300.0 37470.113037109375
301.0 37491.0859375
302.0 37884.67333984375
303.0 37624.020263671875
304.0 38350.195556640625
305.0 39350.904541015625
306.0 39215.732421875
307.0 39975.67431640625
308.0 40775.592529296875
309.0 41323.51171875
310.0 41471.279541015625
311.0 42792.76806640625
312.0 45822.929931640625
313.0 52949.1943359375
314.0 62852.666259765625
315.0 70170.435546875
316.0 75215.63525390625
317.0 77921.94677734375
318.0 79569.74658203125
319.0 74082.85546875
320.0 63314.400390625
321.0 52294.4990234375
322.0 45126.552978515625
323.0 41647.53857421875
324.0 40063.56689453125
325.0 40351.4951171875
326.0 39614.178466796875
327.0 39660.784423828125
328.0 40613.900390625
329.0 40259.728271484375
330.0 40177.05810546875
331.0 39940.039306640625
332.0 41227.426025390625
333.0 41154.439208984375
334.0 41266.93017578125
335.0 41526.83349609375
336.0 40716.859375
337.0 41278.470947265625
338.0 41638.165283203125
339.0 41410.393798828125
340.0 41632.8046875
341.0 41617.10302734375
342.0 42542.09912109375
343.0 42459.757568359375
344.0 41299.616943359375
345.0 42897.063232421875
346.0 43684.517822265625
347.0 43712.2470703125
348.0 43075.539794921875
349.0 43142.03173828125
350.0 44055.71728515625
351.0 44029.70068359375
352.0 43393.5869140625
353.0 42907.177490234375
354.0 42858.29052734375
355.0 43629.562744140625
356.0 43269.3359375
357.0 42385.690185546875
358.0 41810.217041015625
359.0 41592.32177734375
360.0 41214.802978515625
361.0 41462.28955078125
362.0 40818.827880859375
363.0 40314.052978515625
364.0 41562.1474609375
365.0 40554.639404296875
366.0 40093.27294921875
367.0 39749.943115234375
368.0 39249.45263671875
369.0 38481.072021484375
370.0 37275.839111328125
371.0 36588.54443359375
372.0 36140.904052734375
373.0 36437.7216796875
374.0 34829.9599609375
375.0 34692.91748046875
376.0 35318.0830078125
377.0 35926.473876953125
378.0 35912.263427734375
379.0 36273.3330078125
380.0 36469.13232421875
381.0 38362.2734375
382.0 40586.187255859375
383.0 42763.1328125
384.0 46589.0
385.0 50121.93017578125
386.0 52472.611572265625
387.0 56514.6875
388.0 58606.070068359375
389.0 58190.20458984375
390.0 58532.28173828125
391.0 57957.804443359375
392.0 60325.6435546875
393.0 62786.607421875
394.0 63712.79345703125
395.0 65659.03393554688
396.0 67409.31103515625
397.0 68297.2421875
398.0 68064.66088867188
399.0 65721.52514648438
400.0 61260.2900390625
401.0 59884.26123046875
402.0 60011.649658203125
403.0 57941.576416015625
404.0 55389.291259765625
405.0 54244.589111328125
406.0 52013.571044921875
407.0 50472.596435546875
408.0 50153.447021484375
409.0 50270.456787109375
410.0 49407.9345703125
411.0 50068.66015625
412.0 51140.190185546875
413.0 51229.5166015625
414.0 49373.814453125
415.0 51068.640625
416.0 51073.687744140625
417.0 51326.691162109375
418.0 54084.48095703125
419.0 58694.096435546875
420.0 69482.49340820312
421.0 79384.43505859375
422.0 82526.662109375
423.0 87413.5048828125
424.0 91287.75146484375
425.0 89761.71044921875
426.0 83158.02099609375
427.0 73656.55810546875
428.0 71208.43359375
429.0 75745.24365234375
430.0 77610.111328125
431.0 79350.0546875
432.0 79639.96142578125
433.0 79996.2099609375
434.0 76617.51123046875
435.0 73173.01318359375
436.0 74437.6796875
437.0 80701.5498046875
438.0 86112.08056640625
439.0 90784.7021484375
440.0 92517.15185546875
441.0 95671.392578125
442.0 91717.14599609375
443.0 85687.63037109375
444.0 79159.84912109375
445.0 76083.08056640625
446.0 76243.13232421875
447.0 75673.69580078125
448.0 76131.087890625
449.0 75086.68115234375
450.0 71887.03466796875
451.0 70417.4140625
452.0 68281.71923828125
453.0 68031.63354492188
454.0 69209.65771484375
455.0 70890.19018554688
456.0 71271.64916992188
457.0 74222.1865234375
458.0 74989.33056640625
459.0 74658.998046875
460.0 74456.9638671875
461.0 72677.37451171875
462.0 69969.962890625
463.0 69624.5615234375
464.0 69224.57958984375
465.0 68680.91455078125
466.0 68727.56396484375
467.0 68391.29907226562
468.0 69713.29541015625
469.0 70195.1083984375
470.0 70376.65185546875
471.0 70637.31494140625
472.0 70844.306640625
473.0 71476.31298828125
474.0 71724.17529296875
475.0 74041.357421875
476.0 72976.26220703125
477.0 74268.16357421875
478.0 79252.8115234375
479.0 87274.7529296875
480.0 94778.38671875
481.0 103919.48291015625
482.0 105028.60107421875
483.0 105913.03662109375
484.0 107524.828125
485.0 104497.7939453125
486.0 96981.18408203125
487.0 89060.08837890625
488.0 86999.69970703125
489.0 86521.380859375
490.0 87111.97021484375
491.0 89303.70166015625
492.0 89651.392578125
493.0 89738.064453125
494.0 92050.27392578125
495.0 96522.50390625
496.0 101975.62646484375
497.0 103399.68505859375
498.0 102068.7919921875
499.0 103005.33349609375
500.0 103900.63134765625
501.0 101466.71337890625
502.0 95973.66796875
503.0 90848.8935546875
504.0 89524.3134765625
505.0 89414.5205078125
506.0 91310.77001953125
507.0 92092.15673828125
508.0 94320.5830078125
509.0 94817.9912109375
510.0 96029.36328125
511.0 95127.978515625
512.0 95623.232421875
513.0 94950.275390625
514.0 95206.13037109375
515.0 97113.646484375
516.0 97530.88525390625
517.0 97761.88232421875
518.0 99012.138671875
519.0 104765.7724609375
520.0 112003.6640625
521.0 113800.21923828125
522.0 116372.5576171875
523.0 118477.22265625
524.0 119958.64599609375
525.0 117956.30908203125
526.0 116198.423828125
527.0 112534.123046875
528.0 113134.60595703125
529.0 118723.37841796875
530.0 125854.09716796875
531.0 124606.189453125
532.0 124692.91015625
533.0 121763.37451171875
534.0 118136.71435546875
535.0 117111.56201171875
536.0 114331.72119140625
537.0 114688.09619140625
538.0 117598.212890625
539.0 121490.228515625
540.0 126569.87109375
541.0 131686.90771484375
542.0 133314.06201171875
543.0 132104.73046875
544.0 128438.88525390625
545.0 125207.0400390625
546.0 120175.29052734375
547.0 114030.6298828125
548.0 115046.06396484375
549.0 119007.18896484375
550.0 118180.451171875
551.0 120214.96630859375
552.0 119126.0263671875
553.0 119258.7451171875
554.0 117377.78857421875
555.0 115926.10400390625
556.0 113822.1611328125
557.0 111418.38916015625
558.0 109705.5546875
559.0 110097.9072265625
560.0 112042.26123046875
561.0 113061.841796875
562.0 114296.6201171875
563.0 117660.46142578125
564.0 121791.6796875
565.0 126168.35986328125
566.0 131360.41455078125
567.0 143153.166015625
568.0 162454.9208984375
569.0 176896.34765625
570.0 186146.9326171875
571.0 192893.537109375
572.0 196085.1376953125
573.0 193323.12109375
574.0 184320.515625
575.0 166589.361328125
576.0 152993.978515625
577.0 140478.5322265625
578.0 135798.80615234375
579.0 131275.52880859375
580.0 127848.38427734375
581.0 127381.96435546875
582.0 127641.658203125
583.0 126849.4091796875
584.0 127733.9873046875
585.0 127305.01171875
586.0 129955.4951171875
587.0 131391.7392578125
588.0 130724.734375
589.0 129533.01171875
590.0 129191.5576171875
591.0 129931.9580078125
592.0 128999.1962890625
593.0 130577.060546875
594.0 131639.58837890625
595.0 134135.76953125
596.0 140256.1376953125
597.0 144914.224609375
598.0 143354.2265625
599.0 142299.31591796875
600.0 144696.6171875
601.0 143256.388671875
602.0 140849.26953125
603.0 137302.35595703125
604.0 135356.07470703125
605.0 137253.29150390625
606.0 137459.0546875
607.0 140557.7001953125
608.0 143474.138671875
609.0 144017.3623046875
610.0 147118.9208984375
611.0 149150.6650390625
612.0 151014.76953125
613.0 153288.4892578125
614.0 156541.6474609375
615.0 159408.9462890625
616.0 164295.2958984375
617.0 166271.78515625
618.0 168068.302734375
619.0 169758.9951171875
620.0 171302.5966796875
621.0 171493.4736328125
622.0 169619.4736328125
623.0 170063.5986328125
624.0 168700.9873046875
625.0 169290.4921875
626.0 171324.716796875
627.0 170900.6435546875
628.0 168913.265625
629.0 170793.2607421875
630.0 169173.25390625
631.0 163783.345703125
632.0 158707.947265625
633.0 156029.9580078125
634.0 153703.599609375
635.0 152457.8642578125
636.0 152115.52734375
637.0 149400.50927734375
638.0 148295.66162109375
639.0 147800.2470703125
640.0 147217.7939453125
641.0 148258.3662109375
642.0 151441.2998046875
643.0 157629.5458984375
644.0 167088.986328125
645.0 172361.8935546875
646.0 179251.4462890625
647.0 183611.6318359375
648.0 186537.4912109375
649.0 185926.7958984375
650.0 184759.6650390625
651.0 188015.732421875
652.0 190825.2734375
653.0 189049.6787109375
654.0 192747.7763671875
655.0 198229.7666015625
656.0 207127.044921875
657.0 206727.5185546875
658.0 202499.69921875
659.0 200547.314453125
660.0 198189.265625
661.0 200251.1279296875
662.0 220431.986328125
663.0 245257.310546875
664.0 252563.484375
665.0 242948.08203125
666.0 251488.6474609375
667.0 253774.419921875
668.0 249615.05078125
669.0 231976.4658203125
670.0 223499.2294921875
671.0 225224.0615234375
672.0 218823.466796875
673.0 225589.1435546875
674.0 223188.787109375
675.0 216964.1142578125
676.0 196081.2392578125
677.0 175231.4765625
678.0 164240.224609375
679.0 165191.46484375
680.0 170389.1806640625
681.0 181794.6259765625
682.0 193776.794921875
683.0 199377.3759765625
684.0 202319.36328125
685.0 202859.4248046875
686.0 198514.7333984375
687.0 192634.3173828125
688.0 187099.2431640625
689.0 185226.787109375
690.0 192655.4951171875
691.0 203564.361328125
692.0 208969.541015625
693.0 210118.15625
694.0 215827.791015625
695.0 219480.8544921875
696.0 219764.115234375
697.0 216750.3232421875
698.0 213182.8798828125
699.0 227174.00390625
700.0 248690.150390625
701.0 261036.2265625
702.0 283534.6328125
703.0 310256.189453125
704.0 299287.931640625
705.0 295925.611328125
706.0 283295.5791015625
707.0 263965.01953125
708.0 242317.8369140625
709.0 214282.1533203125
710.0 188679.751953125
711.0 180549.3359375
712.0 177147.6962890625
713.0 178300.939453125
714.0 181084.662109375
715.0 181283.572265625
716.0 182947.0244140625
717.0 186523.8603515625
718.0 187650.1474609375
719.0 187581.0224609375
720.0 191838.7919921875
721.0 197751.259765625
722.0 205022.2626953125
723.0 214380.7216796875
724.0 226096.2890625
725.0 238978.0390625
726.0 252147.9775390625
727.0 262463.3642578125
728.0 272143.0234375
729.0 281399.609375
730.0 289001.2705078125
731.0 286225.4072265625
732.0 285371.259765625
733.0 277254.2509765625
734.0 274323.689453125
735.0 263917.1005859375
736.0 250600.9306640625
737.0 244328.5546875
738.0 238655.470703125
739.0 234033.615234375
740.0 224045.3330078125
741.0 213736.4140625
742.0 212790.8056640625
743.0 211706.4033203125
744.0 212301.1533203125
745.0 213993.3935546875
746.0 217966.048828125
747.0 223195.5419921875
748.0 225425.443359375
749.0 223595.37890625
750.0 227970.3701171875
751.0 234122.06640625
752.0 239616.1220703125
753.0 257629.43359375
754.0 303661.0087890625
755.0 390230.43359375
756.0 450227.3671875
757.0 453975.81640625
758.0 466055.662109375
759.0 473169.64453125
760.0 458786.34765625
761.0 397029.453125
762.0 313108.7041015625
763.0 255256.4658203125
764.0 239133.177734375
765.0 236325.91796875
766.0 237673.951171875
767.0 242880.8974609375
768.0 247185.4375
769.0 248390.2724609375
770.0 250424.849609375
771.0 250380.5546875
772.0 251676.8994140625
773.0 251156.8193359375
774.0 252766.1953125
775.0 255111.416015625
776.0 251920.8720703125
777.0 249435.8173828125
778.0 244909.9111328125
779.0 240788.9736328125
780.0 239139.056640625
781.0 232123.52734375
782.0 219677.763671875
783.0 206900.0810546875
784.0 198101.0224609375
785.0 189839.4560546875
786.0 182940.3046875
787.0 179590.5673828125
788.0 183508.177734375
789.0 201360.0068359375
790.0 237555.5126953125
791.0 272458.1123046875
792.0 303644.9248046875
793.0 341289.681640625
794.0 383257.34375
795.0 428290.169921875
796.0 439743.931640625
797.0 442428.96484375
798.0 443562.73828125
799.0 432871.22265625
800.0 408058.138671875
801.0 374099.705078125
802.0 340958.40234375
803.0 316203.4560546875
804.0 290445.0732421875
805.0 276385.693359375
806.0 275959.2880859375
807.0 301288.244140625
808.0 371855.25390625
809.0 441643.095703125
810.0 451300.86328125
811.0 486140.431640625
812.0 536172.40625
813.0 580299.47265625
814.0 543437.73828125
815.0 507074.080078125
816.0 511294.73828125
817.0 563242.607421875
818.0 557905.5
819.0 532256.111328125
820.0 536947.50390625
821.0 545670.18359375
822.0 524746.26171875
823.0 470325.6953125
824.0 419431.54296875
825.0 407123.73828125
826.0 404020.583984375
827.0 383742.384765625
828.0 365657.419921875
829.0 359105.96484375
830.0 354654.748046875
831.0 343772.75
832.0 325263.671875
833.0 315853.6103515625
834.0 311982.7451171875
835.0 314799.203125
836.0 328352.537109375
837.0 368778.927734375
838.0 433968.90234375
839.0 471702.1875
840.0 484006.42578125
841.0 509618.578125
842.0 523080.708984375
843.0 524353.537109375
844.0 494436.1875
845.0 465824.330078125
846.0 466652.34765625
847.0 477252.353515625
848.0 466956.771484375
849.0 466150.41796875
850.0 469360.66015625
851.0 460263.03125
852.0 436178.369140625
853.0 407401.75390625
854.0 390155.384765625
855.0 387823.0
856.0 406078.126953125
857.0 445013.23046875
858.0 495552.798828125
859.0 528302.57421875
860.0 541602.818359375
861.0 579040.5078125
862.0 605805.84375
863.0 611800.314453125
864.0 590843.6171875
865.0 549419.912109375
866.0 534512.341796875
867.0 518899.7265625
868.0 482819.255859375
869.0 437571.15625
870.0 391911.708984375
871.0 367256.76171875
872.0 364299.5390625
873.0 365673.400390625
874.0 368055.455078125
875.0 364297.890625
876.0 361877.900390625
877.0 363164.361328125
878.0 369250.859375
879.0 376552.458984375
880.0 383039.505859375
881.0 404152.029296875
882.0 447411.97265625
883.0 506406.671875
884.0 563264.857421875
885.0 611143.720703125
886.0 632843.62109375
887.0 641304.05078125
888.0 651992.53515625
889.0 657201.361328125
890.0 630812.884765625
891.0 596751.033203125
892.0 580479.033203125
893.0 580562.494140625
894.0 595090.88671875
895.0 603413.37890625
896.0 578440.71484375
897.0 551590.654296875
898.0 536411.275390625
899.0 520893.501953125
900.0 484582.03125
901.0 433119.287109375
902.0 394192.66796875
903.0 375002.591796875
904.0 380505.7734375
905.0 405358.17578125
906.0 428538.423828125
907.0 439778.2109375
908.0 444103.283203125
909.0 449425.619140625
910.0 450539.072265625
911.0 431469.4453125
912.0 402405.546875
913.0 376481.880859375
914.0 371789.86328125
915.0 368528.244140625
916.0 365290.955078125
917.0 361321.884765625
918.0 360333.369140625
919.0 358449.822265625
920.0 354792.173828125
921.0 339353.7109375
922.0 319063.1025390625
923.0 308245.5595703125
924.0 300814.025390625
925.0 293575.3095703125
926.0 292269.7822265625
927.0 291925.40234375
928.0 286349.7958984375
929.0 280752.3544921875
930.0 278086.134765625
931.0 276639.8486328125
932.0 271776.33984375
933.0 264867.7734375
934.0 259313.3701171875
935.0 257122.9404296875
936.0 254135.474609375
937.0 252695.8701171875
938.0 250768.8955078125
939.0 246056.19921875
940.0 243828.896484375
941.0 241710.4697265625
942.0 241347.9580078125
943.0 237302.23828125
944.0 233879.9873046875
945.0 232360.4326171875
946.0 231017.857421875
947.0 231316.994140625
948.0 231949.9677734375
949.0 230922.56640625
950.0 235064.982421875
951.0 233307.580078125
952.0 234375.71875
953.0 229899.82421875
954.0 224942.666015625
955.0 223386.28515625
956.0 219892.814453125
957.0 212373.0146484375
958.0 202834.619140625
959.0 198510.162109375
960.0 195218.2421875
961.0 189624.908203125
962.0 187228.8408203125
963.0 186542.07421875
964.0 184199.1484375
965.0 180621.8779296875
966.0 178636.091796875
967.0 175996.96484375
968.0 174981.2900390625
969.0 172588.23876953125
970.0 169885.0673828125
971.0 166754.3359375
972.0 164275.4775390625
973.0 162630.03564453125
974.0 162236.591796875
975.0 158455.8388671875
976.0 156836.7568359375
977.0 156862.369140625
978.0 151847.83837890625
979.0 147236.66748046875
980.0 146431.22021484375
981.0 143307.4541015625
982.0 139857.18896484375
983.0 138448.115234375
984.0 135717.06982421875
985.0 134376.27001953125
986.0 133299.12548828125
987.0 129214.55908203125
988.0 126699.265625
989.0 124808.80859375
990.0 122687.90087890625
991.0 121813.8642578125
992.0 118572.48193359375
993.0 117865.9033203125
994.0 116548.1875
995.0 114171.541015625
996.0 113328.359375
997.0 109374.884765625
998.0 110171.90478515625
999.0 110301.6328125
1000.0 109652.93701171875
1001.0 106487.9033203125
1002.0 104860.1474609375
1003.0 102711.501953125
1004.0 101006.65625
1005.0 99103.86376953125
1006.0 97829.87841796875
1007.0 99107.2861328125
1008.0 96761.30078125
1009.0 94630.57763671875
1010.0 93185.3037109375
1011.0 94488.90283203125
1012.0 94648.576171875
1013.0 94811.86474609375
1014.0 96433.76318359375
1015.0 97614.23291015625
1016.0 101398.02783203125
1017.0 107017.1328125
1018.0 118515.8017578125
1019.0 130470.4560546875
1020.0 149653.8125
1021.0 173694.0556640625
1022.0 149918.716796875
1023.0 96160.83056640625
