string
20201020_p8.5_degree/TG_20201020_088back: 20201020_p8.5_degree/dark/TG_20201020_089.tif integrated counts_backsubbed
px integrated counts
0.0 190761.041015625
1.0 303876.330078125
2.0 399524.970703125
3.0 391582.7734375
4.0 380999.478515625
5.0 373771.638671875
6.0 365850.74609375
7.0 359665.833984375
8.0 355329.138671875
9.0 353195.568359375
10.0 352840.380859375
11.0 352147.95703125
12.0 350221.5390625
13.0 347760.927734375
14.0 349372.03515625
15.0 349677.529296875
16.0 347600.8984375
17.0 346130.310546875
18.0 346664.90234375
19.0 346008.369140625
20.0 346265.154296875
21.0 344303.978515625
22.0 341840.6015625
23.0 342359.689453125
24.0 341927.568359375
25.0 342911.166015625
26.0 346817.173828125
27.0 349505.08984375
28.0 353046.390625
29.0 357947.322265625
30.0 359956.41015625
31.0 358265.9375
32.0 353164.521484375
33.0 344788.41796875
34.0 336736.3515625
35.0 327256.63671875
36.0 316440.060546875
37.0 309547.943359375
38.0 303857.904296875
39.0 299194.986328125
40.0 296912.806640625
41.0 293549.69921875
42.0 290459.548828125
43.0 290687.154296875
44.0 288450.056640625
45.0 284916.814453125
46.0 281888.791015625
47.0 281257.625
48.0 278840.400390625
49.0 278124.546875
50.0 276956.861328125
51.0 274875.16796875
52.0 275241.271484375
53.0 277156.9375
54.0 275701.947265625
55.0 275353.923828125
56.0 274219.8984375
57.0 273491.91796875
58.0 272076.359375
59.0 273547.8046875
60.0 274143.05078125
61.0 273754.14453125
62.0 274034.8046875
63.0 273048.986328125
64.0 272476.134765625
65.0 271754.06640625
66.0 271976.09375
67.0 271638.97265625
68.0 270162.689453125
69.0 270242.189453125
70.0 268615.6328125
71.0 270005.833984375
72.0 269252.0234375
73.0 270996.939453125
74.0 272059.69140625
75.0 272040.087890625
76.0 272087.60546875
77.0 271268.3828125
78.0 272418.62109375
79.0 272698.17578125
80.0 271950.619140625
81.0 271940.9921875
82.0 272720.1953125
83.0 272831.00390625
84.0 271203.662109375
85.0 270596.71875
86.0 270733.2265625
87.0 270003.73828125
88.0 267596.58984375
89.0 267109.83203125
90.0 267554.98046875
91.0 268366.037109375
92.0 269955.189453125
93.0 270490.5390625
94.0 271444.173828125
95.0 272106.658203125
96.0 273353.521484375
97.0 275144.22265625
98.0 275395.794921875
99.0 276580.609375
100.0 279210.259765625
101.0 282605.125
102.0 283491.94921875
103.0 284997.34765625
104.0 291076.697265625
105.0 297351.80859375
106.0 301987.79296875
107.0 306840.23046875
108.0 308974.8984375
109.0 316445.30859375
110.0 323609.162109375
111.0 324610.484375
112.0 324078.265625
113.0 320711.35546875
114.0 316641.1640625
115.0 314270.5390625
116.0 312071.64453125
117.0 311757.466796875
118.0 312377.53515625
119.0 313447.279296875
120.0 311684.578125
121.0 309573.974609375
122.0 307390.56640625
123.0 306724.501953125
124.0 304905.095703125
125.0 302138.0625
126.0 303705.87109375
127.0 304916.271484375
128.0 307150.00390625
129.0 312563.47265625
130.0 315898.685546875
131.0 321704.439453125
132.0 329550.236328125
133.0 338327.484375
134.0 348920.826171875
135.0 362457.37109375
136.0 382396.70703125
137.0 405728.94140625
138.0 425713.208984375
139.0 436377.45703125
140.0 442011.984375
141.0 443592.921875
142.0 435150.82421875
143.0 421901.63671875
144.0 408838.34375
145.0 396818.34765625
146.0 389012.46484375
147.0 383165.421875
148.0 375221.357421875
149.0 367452.755859375
150.0 364072.650390625
151.0 358168.0390625
152.0 359075.513671875
153.0 361592.6484375
154.0 364262.53515625
155.0 365548.73828125
156.0 369535.6171875
157.0 371412.330078125
158.0 373294.255859375
159.0 376683.904296875
160.0 376242.513671875
161.0 374270.921875
162.0 375848.3984375
163.0 373599.171875
164.0 369147.173828125
165.0 364163.435546875
166.0 358177.744140625
167.0 353379.89453125
168.0 347490.3046875
169.0 341556.216796875
170.0 338324.20703125
171.0 337767.421875
172.0 336882.837890625
173.0 337687.275390625
174.0 337892.248046875
175.0 338241.23828125
176.0 338766.40625
177.0 335327.2734375
178.0 332794.234375
179.0 330540.19921875
180.0 326633.755859375
181.0 324519.39453125
182.0 322790.96484375
183.0 321245.466796875
184.0 318585.591796875
185.0 319478.64453125
186.0 317797.951171875
187.0 318440.11328125
188.0 319664.513671875
189.0 322513.18359375
190.0 325724.712890625
191.0 326970.45703125
192.0 330009.56640625
193.0 329453.701171875
194.0 330069.404296875
195.0 330959.201171875
196.0 327439.845703125
197.0 327483.8671875
198.0 328642.02734375
199.0 328783.625
200.0 329364.482421875
201.0 329047.4140625
202.0 329508.84765625
203.0 331791.896484375
204.0 332706.103515625
205.0 332795.7265625
206.0 332340.220703125
207.0 329929.80078125
208.0 328045.966796875
209.0 325868.595703125
210.0 324422.056640625
211.0 324463.509765625
212.0 324465.267578125
213.0 325616.564453125
214.0 323878.400390625
215.0 322686.087890625
216.0 320198.4375
217.0 315579.564453125
218.0 309701.47265625
219.0 305611.6171875
220.0 302017.830078125
221.0 298516.58984375
222.0 297231.5703125
223.0 294760.330078125
224.0 292422.015625
225.0 289225.30859375
226.0 286849.98046875
227.0 283667.193359375
228.0 279854.244140625
229.0 277274.681640625
230.0 274399.330078125
231.0 272691.4140625
232.0 269912.484375
233.0 265996.05078125
234.0 262832.4765625
235.0 260613.45703125
236.0 259235.755859375
237.0 254730.982421875
238.0 249880.990234375
239.0 245215.640625
240.0 242028.517578125
241.0 237456.17578125
242.0 233983.59375
243.0 229108.9921875
244.0 224262.048828125
245.0 222802.349609375
246.0 221285.380859375
247.0 217409.8828125
248.0 214887.490234375
249.0 212380.43359375
250.0 211174.27734375
251.0 208319.9794921875
252.0 204477.095703125
253.0 201774.3134765625
254.0 199271.291015625
255.0 197622.9970703125
256.0 196334.4453125
257.0 195359.41015625
258.0 193555.7138671875
259.0 193593.248046875
260.0 192606.5673828125
261.0 192601.681640625
262.0 192359.1123046875
263.0 191214.3857421875
264.0 190182.9560546875
265.0 188619.5029296875
266.0 187031.185546875
267.0 187262.4736328125
268.0 187715.56640625
269.0 187657.9697265625
270.0 187961.2294921875
271.0 189143.697265625
272.0 187532.7734375
273.0 187219.560546875
274.0 187808.396484375
275.0 187617.142578125
276.0 188397.8173828125
277.0 190344.8837890625
278.0 191332.37109375
279.0 192164.3828125
280.0 193689.830078125
281.0 196157.7568359375
282.0 198364.1923828125
283.0 200554.6328125
284.0 205235.7490234375
285.0 211131.73046875
286.0 213823.1396484375
287.0 216555.91015625
288.0 218107.00390625
289.0 221389.806640625
290.0 224056.19140625
291.0 226316.439453125
292.0 227966.642578125
293.0 230382.962890625
294.0 232711.283203125
295.0 235005.115234375
296.0 239143.509765625
297.0 241567.40625
298.0 246636.392578125
299.0 249618.400390625
300.0 254182.9453125
301.0 259830.88671875
302.0 263523.51171875
303.0 266828.896484375
304.0 270575.802734375
305.0 273969.765625
306.0 276284.28515625
307.0 278629.109375
308.0 280885.267578125
309.0 283233.666015625
310.0 285337.26953125
311.0 288067.671875
312.0 290572.548828125
313.0 292736.765625
314.0 296885.078125
315.0 299611.431640625
316.0 303105.7578125
317.0 307109.50390625
318.0 309962.294921875
319.0 311590.22265625
320.0 315507.041015625
321.0 316816.22265625
322.0 317229.01171875
323.0 319443.91015625
324.0 322297.462890625
325.0 325838.5859375
326.0 328088.39453125
327.0 330824.34765625
328.0 334153.748046875
329.0 335091.787109375
330.0 337150.19921875
331.0 338236.1015625
332.0 338886.6171875
333.0 338613.53125
334.0 339042.400390625
335.0 343791.263671875
336.0 347135.513671875
337.0 349363.341796875
338.0 353657.119140625
339.0 359448.4296875
340.0 363048.689453125
341.0 367937.94921875
342.0 369413.435546875
343.0 370930.986328125
344.0 371263.1015625
345.0 373105.900390625
346.0 376654.73046875
347.0 380334.396484375
348.0 383233.455078125
349.0 386381.6171875
350.0 395916.41796875
351.0 405160.759765625
352.0 411926.826171875
353.0 420023.296875
354.0 426044.7890625
355.0 433309.26953125
356.0 438797.73046875
357.0 443252.45703125
358.0 444256.828125
359.0 446447.3046875
360.0 443996.390625
361.0 445018.51171875
362.0 447296.0078125
363.0 452768.1796875
364.0 456562.78515625
365.0 461670.69921875
366.0 465056.1796875
367.0 468025.87890625
368.0 467218.78125
369.0 465458.98828125
370.0 461882.57421875
371.0 455785.58203125
372.0 451433.65234375
373.0 449161.91015625
374.0 452181.69140625
375.0 453892.65234375
376.0 456689.92578125
377.0 461300.1328125
378.0 470607.80078125
379.0 480947.5703125
380.0 494781.2265625
381.0 508732.984375
382.0 520914.46875
383.0 531928.78515625
384.0 542530.27734375
385.0 549843.12109375
386.0 557711.99609375
387.0 562912.0
388.0 563259.7109375
389.0 566154.3984375
390.0 573680.19140625
391.0 583583.50390625
392.0 594817.91015625
393.0 605539.265625
394.0 617515.7578125
395.0 629458.12109375
396.0 643590.04296875
397.0 647220.92578125
398.0 645948.07421875
399.0 641840.1328125
400.0 639281.359375
401.0 635696.09375
402.0 636271.82421875
403.0 638807.19921875
404.0 642515.05859375
405.0 646920.94921875
406.0 662329.83203125
407.0 682154.00390625
408.0 699255.1875
409.0 716243.5703125
410.0 730775.02734375
411.0 741567.16015625
412.0 750672.46484375
413.0 748180.46875
414.0 743330.20703125
415.0 741929.4453125
416.0 742001.78125
417.0 747290.3671875
418.0 754921.26171875
419.0 768864.359375
420.0 783499.6171875
421.0 795304.21875
422.0 798500.06640625
423.0 799507.69140625
424.0 801366.0859375
425.0 802193.7734375
426.0 812092.65234375
427.0 821902.671875
428.0 833171.9921875
429.0 842817.4609375
430.0 842788.1640625
431.0 832668.0859375
432.0 821610.1796875
433.0 804396.0546875
434.0 786006.1796875
435.0 773819.14453125
436.0 766456.7109375
437.0 766921.71484375
438.0 775145.765625
439.0 784745.26171875
440.0 793013.2109375
441.0 799215.48828125
442.0 800614.59765625
443.0 801369.8671875
444.0 800226.18359375
445.0 794316.41796875
446.0 796774.99609375
447.0 804720.7421875
448.0 815717.78515625
449.0 828024.125
450.0 838019.2578125
451.0 851294.6875
452.0 867247.3671875
453.0 877187.484375
454.0 876470.3046875
455.0 872183.4140625
456.0 866852.625
457.0 863505.4453125
458.0 858561.7890625
459.0 849158.703125
460.0 842597.546875
461.0 842564.4296875
462.0 852350.6015625
463.0 868443.359375
464.0 880774.0625
465.0 886888.9765625
466.0 892584.9921875
467.0 896665.6640625
468.0 898752.8203125
469.0 894753.3515625
470.0 884111.9375
471.0 876935.1328125
472.0 876573.515625
473.0 876399.8828125
474.0 870861.5546875
475.0 864652.953125
476.0 858084.984375
477.0 856352.9453125
478.0 854619.3125
479.0 853856.7109375
480.0 858738.7734375
481.0 862823.5625
482.0 863506.640625
483.0 859848.1328125
484.0 848379.3515625
485.0 838580.5
486.0 830396.484375
487.0 823274.3125
488.0 823737.4296875
489.0 831405.59375
490.0 844652.0
491.0 854958.125
492.0 854307.6875
493.0 852912.7109375
494.0 847567.9765625
495.0 839839.9609375
496.0 833427.796875
497.0 826273.75
498.0 822663.671875
499.0 824027.7109375
500.0 825764.9609375
501.0 827481.796875
502.0 826437.796875
503.0 825821.453125
504.0 824738.41015625
505.0 823744.59375
506.0 824664.953125
507.0 826901.828125
508.0 830703.3515625
509.0 839440.140625
510.0 858760.2734375
511.0 877153.5546875
512.0 893362.3671875
513.0 906224.625
514.0 922362.3203125
515.0 932293.28125
516.0 941111.625
517.0 946450.1015625
518.0 947244.28125
519.0 945669.3671875
520.0 942836.046875
521.0 941258.984375
522.0 936781.765625
523.0 927262.9609375
524.0 919690.3828125
525.0 917212.4296875
526.0 917526.078125
527.0 914863.5
528.0 911524.6640625
529.0 909068.109375
530.0 909273.1171875
531.0 909474.421875
532.0 908641.0390625
533.0 907729.6015625
534.0 903256.890625
535.0 895263.0625
536.0 888280.71875
537.0 880798.9296875
538.0 870308.765625
539.0 865132.7265625
540.0 864920.9296875
541.0 867835.4375
542.0 867742.6875
543.0 870967.71875
544.0 879716.265625
545.0 883489.9921875
546.0 883870.5
547.0 883575.1171875
548.0 886812.15625
549.0 887967.3828125
550.0 884517.546875
551.0 879129.8828125
552.0 874011.078125
553.0 872761.1640625
554.0 871163.3671875
555.0 870490.9140625
556.0 873590.2578125
557.0 875959.8515625
558.0 878045.984375
559.0 887991.0859375
560.0 901374.0703125
561.0 909682.609375
562.0 914939.2890625
563.0 921102.0859375
564.0 926820.28125
565.0 927337.15625
566.0 921189.9296875
567.0 911778.8046875
568.0 898413.4921875
569.0 891727.734375
570.0 887851.2109375
571.0 883683.3203125
572.0 880569.265625
573.0 874286.640625
574.0 868909.8515625
575.0 866644.1171875
576.0 864388.84375
577.0 859414.0234375
578.0 855207.2109375
579.0 850154.859375
580.0 851926.078125
581.0 852043.4375
582.0 855291.359375
583.0 857112.4296875
584.0 859249.921875
585.0 857695.375
586.0 855271.296875
587.0 852427.125
588.0 846513.53125
589.0 835369.046875
590.0 824421.17578125
591.0 814433.21875
592.0 808613.03515625
593.0 809421.9609375
594.0 811584.59375
595.0 811850.859375
596.0 814775.7265625
597.0 811473.76171875
598.0 808017.57421875
599.0 802472.07421875
600.0 797657.6484375
601.0 795118.3671875
602.0 794094.38671875
603.0 790455.34765625
604.0 791299.8203125
605.0 792322.5234375
606.0 794089.265625
607.0 799971.94140625
608.0 803847.88671875
609.0 814027.7109375
610.0 819705.5546875
611.0 833757.2265625
612.0 845498.1640625
613.0 846815.2265625
614.0 845306.5078125
615.0 839412.3046875
616.0 832945.0703125
617.0 826386.21875
618.0 818582.8984375
619.0 811731.0625
620.0 808680.1796875
621.0 806538.984375
622.0 807057.328125
623.0 807084.390625
624.0 812813.84375
625.0 817282.6953125
626.0 817107.046875
627.0 819661.6484375
628.0 824020.8984375
629.0 827745.828125
630.0 823245.5
631.0 817848.5078125
632.0 817022.90625
633.0 819904.03125
634.0 822828.171875
635.0 826119.4140625
636.0 831709.7109375
637.0 833564.78125
638.0 832346.3203125
639.0 834621.015625
640.0 835131.3671875
641.0 832634.5703125
642.0 832335.984375
643.0 831362.9296875
644.0 827558.0625
645.0 821068.75
646.0 818946.0859375
647.0 818221.3203125
648.0 814137.03125
649.0 810740.9140625
650.0 807760.5
651.0 807412.28125
652.0 805323.96875
653.0 796901.76171875
654.0 785270.97265625
655.0 771266.52734375
656.0 761033.08984375
657.0 752844.53515625
658.0 742722.29296875
659.0 732080.8828125
660.0 728142.5390625
661.0 729771.51171875
662.0 733090.97265625
663.0 736150.5625
664.0 740016.26171875
665.0 743739.12109375
666.0 742330.36328125
667.0 740269.81640625
668.0 737305.23828125
669.0 732399.609375
670.0 727557.48828125
671.0 723226.67578125
672.0 720594.95703125
673.0 722527.47265625
674.0 729856.66015625
675.0 737110.234375
676.0 741227.69921875
677.0 741555.1796875
678.0 739121.23828125
679.0 734225.484375
680.0 727568.16015625
681.0 719616.1875
682.0 712706.1953125
683.0 704742.27734375
684.0 700606.171875
685.0 698138.4296875
686.0 700968.7734375
687.0 705035.13671875
688.0 707348.21875
689.0 709144.21484375
690.0 710061.53125
691.0 708461.85546875
692.0 704575.4765625
693.0 695759.578125
694.0 690206.68359375
695.0 683213.02734375
696.0 677523.75
697.0 675271.3359375
698.0 673497.3203125
699.0 669641.2578125
700.0 664706.765625
701.0 662234.5234375
702.0 662374.421875
703.0 665506.00390625
704.0 673703.51171875
705.0 678509.546875
706.0 684493.14453125
707.0 688327.53125
708.0 687846.640625
709.0 688400.125
710.0 682660.49609375
711.0 674128.30859375
712.0 673502.00390625
713.0 674473.921875
714.0 677003.3515625
715.0 681400.92578125
716.0 687954.59375
717.0 693775.2421875
718.0 699724.859375
719.0 701372.703125
720.0 701635.31640625
721.0 700129.421875
722.0 695980.171875
723.0 686931.95703125
724.0 676428.14453125
725.0 664401.671875
726.0 654088.3515625
727.0 644905.98046875
728.0 634329.58984375
729.0 624477.3046875
730.0 620516.53125
731.0 616836.30859375
732.0 610506.99609375
733.0 605613.02734375
734.0 604020.00390625
735.0 602061.05859375
736.0 600622.234375
737.0 597973.3203125
738.0 598850.40234375
739.0 598939.9609375
740.0 597112.4921875
741.0 594529.92578125
742.0 589909.0078125
743.0 586270.2109375
744.0 584135.51171875
745.0 584257.12109375
746.0 585816.03515625
747.0 590660.37890625
748.0 597408.28125
749.0 603034.91015625
750.0 602171.3125
751.0 596551.8671875
752.0 595467.9765625
753.0 591028.66015625
754.0 587762.9375
755.0 587133.01953125
756.0 586359.859375
757.0 587382.3359375
758.0 588194.26171875
759.0 586546.56640625
760.0 583531.91015625
761.0 574038.94140625
762.0 566582.65234375
763.0 561131.3203125
764.0 555894.4609375
765.0 551703.01171875
766.0 548091.015625
767.0 545437.80078125
768.0 545584.265625
769.0 543958.28515625
770.0 540612.41015625
771.0 538737.55078125
772.0 536838.29296875
773.0 533970.36328125
774.0 530779.6171875
775.0 525156.14453125
776.0 519493.51171875
777.0 513010.95703125
778.0 509209.4921875
779.0 506137.8359375
780.0 504355.33203125
781.0 506732.74609375
782.0 513375.0625
783.0 515578.30078125
784.0 519829.26953125
785.0 523268.37890625
786.0 522027.875
787.0 520854.94921875
788.0 516414.12890625
789.0 511735.49609375
790.0 507960.46875
791.0 501985.51171875
792.0 494730.5625
793.0 489273.8671875
794.0 488551.94921875
795.0 492580.9140625
796.0 497725.63671875
797.0 505826.05078125
798.0 512678.48828125
799.0 519495.86328125
800.0 523934.72265625
801.0 524700.60546875
802.0 524061.29296875
803.0 520276.26171875
804.0 516212.125
805.0 517488.34375
806.0 516550.1484375
807.0 521182.11328125
808.0 524647.3359375
809.0 528491.95703125
810.0 531940.4375
811.0 529343.9375
812.0 524666.09765625
813.0 525414.046875
814.0 523734.3359375
815.0 521226.15625
816.0 521442.46484375
817.0 519424.3203125
818.0 516569.7734375
819.0 512404.82421875
820.0 506703.91796875
821.0 496833.51953125
822.0 491117.9609375
823.0 483682.11328125
824.0 478126.0
825.0 474158.72265625
826.0 472847.05078125
827.0 475216.265625
828.0 475476.62109375
829.0 475633.5390625
830.0 474774.7421875
831.0 472228.92578125
832.0 471359.16796875
833.0 470009.8984375
834.0 468286.50390625
835.0 464080.69140625
836.0 459136.45703125
837.0 455311.46875
838.0 451799.6015625
839.0 443828.1875
840.0 435398.78125
841.0 429476.7109375
842.0 423148.84375
843.0 419754.29296875
844.0 418841.421875
845.0 419266.3359375
846.0 420549.3203125
847.0 422774.34375
848.0 424514.15625
849.0 425268.5859375
850.0 425880.8671875
851.0 426731.99609375
852.0 424554.5546875
853.0 420467.0859375
854.0 415851.9921875
855.0 410994.73046875
856.0 406485.21484375
857.0 401719.81640625
858.0 399722.09375
859.0 398671.46875
860.0 396377.671875
861.0 393291.798828125
862.0 391561.640625
863.0 389358.3671875
864.0 387867.478515625
865.0 384334.072265625
866.0 381016.732421875
867.0 379084.87890625
868.0 378226.80078125
869.0 376132.576171875
870.0 376837.51171875
871.0 377363.8515625
872.0 378773.71875
873.0 381128.0234375
874.0 381965.861328125
875.0 383468.205078125
876.0 382789.833984375
877.0 377164.75
878.0 375161.318359375
879.0 371734.65625
880.0 366758.2109375
881.0 363167.46875
882.0 360421.5390625
883.0 358287.171875
884.0 356763.9140625
885.0 354200.796875
886.0 350815.783203125
887.0 349238.224609375
888.0 348473.923828125
889.0 345228.6171875
890.0 341170.099609375
891.0 340064.890625
892.0 337569.537109375
893.0 332675.99609375
894.0 330856.021484375
895.0 327864.103515625
896.0 327764.681640625
897.0 329212.4375
898.0 332532.560546875
899.0 335140.216796875
900.0 336084.869140625
901.0 334700.384765625
902.0 329479.974609375
903.0 326807.59765625
904.0 323842.41796875
905.0 321726.607421875
906.0 324347.521484375
907.0 326863.75390625
908.0 331380.43359375
909.0 337148.400390625
910.0 342090.46484375
911.0 344628.263671875
912.0 342803.521484375
913.0 340123.314453125
914.0 335371.861328125
915.0 330194.044921875
916.0 325146.255859375
917.0 321603.41015625
918.0 320256.638671875
919.0 319657.51953125
920.0 318954.654296875
921.0 320207.0703125
922.0 323363.919921875
923.0 324134.7109375
924.0 325981.0390625
925.0 328619.716796875
926.0 330383.55078125
927.0 332845.658203125
928.0 334376.880859375
929.0 333331.060546875
930.0 331895.583984375
931.0 328818.56640625
932.0 324574.486328125
933.0 319504.19921875
934.0 312596.02734375
935.0 307377.55859375
936.0 302904.630859375
937.0 298813.849609375
938.0 296953.599609375
939.0 293683.6328125
940.0 290498.0234375
941.0 289373.521484375
942.0 287707.40625
943.0 284964.2890625
944.0 280645.46875
945.0 276453.904296875
946.0 273658.728515625
947.0 273289.466796875
948.0 273049.787109375
949.0 273268.490234375
950.0 274784.015625
951.0 275227.330078125
952.0 276024.5859375
953.0 274349.9140625
954.0 271382.392578125
955.0 266665.443359375
956.0 261609.93359375
957.0 258616.189453125
958.0 255808.623046875
959.0 254536.65625
960.0 253671.029296875
961.0 253558.859375
962.0 252583.85546875
963.0 253580.57421875
964.0 252835.162109375
965.0 251702.49609375
966.0 250823.833984375
967.0 250194.9609375
968.0 250298.67578125
969.0 249986.298828125
970.0 247586.59765625
971.0 244993.326171875
972.0 242019.794921875
973.0 239389.685546875
974.0 237367.947265625
975.0 235481.79296875
976.0 232752.6328125
977.0 232168.373046875
978.0 230967.2734375
979.0 228220.07421875
980.0 224713.05078125
981.0 221687.3359375
982.0 218404.13671875
983.0 216159.54296875
984.0 214415.568359375
985.0 213571.634765625
986.0 213230.8984375
987.0 213238.33203125
988.0 213663.603515625
989.0 214293.634765625
990.0 214817.3046875
991.0 215514.75390625
992.0 216269.53125
993.0 215246.7578125
994.0 216087.908203125
995.0 216454.1953125
996.0 216450.66796875
997.0 216813.4296875
998.0 216724.46875
999.0 217208.74609375
1000.0 218211.373046875
1001.0 217530.8671875
1002.0 215821.5078125
1003.0 213666.734375
1004.0 207340.7734375
1005.0 203299.76953125
1006.0 204747.29296875
1007.0 203219.107421875
1008.0 201977.697265625
1009.0 200689.27734375
1010.0 199954.681640625
1011.0 199256.1796875
1012.0 198922.568359375
1013.0 198818.54296875
1014.0 198434.05078125
1015.0 198249.787109375
1016.0 197576.6484375
1017.0 196925.703125
1018.0 195111.1796875
1019.0 193451.8671875
1020.0 191976.44140625
1021.0 189749.1181640625
1022.0 162865.0009765625
1023.0 107688.7685546875
