string
20201020_p6.5_degree/TG_20201020_075back: 20201020_p6.5_degree/dark/TG_20201020_089.tif integrated counts_backsubbed
px integrated counts
0.0 838345.8515625
1.0 1330397.2890625
2.0 1759766.1796875
3.0 1809751.109375
4.0 1854786.984375
5.0 1904916.796875
6.0 1945972.828125
7.0 1973509.390625
8.0 1990473.71875
9.0 2001975.015625
10.0 1992809.3125
11.0 1977388.78125
12.0 1963329.15625
13.0 1957579.515625
14.0 1968406.4375
15.0 1987832.515625
16.0 2003724.265625
17.0 2000762.265625
18.0 2006162.390625
19.0 2020520.609375
20.0 2011765.484375
21.0 1989989.796875
22.0 1974570.671875
23.0 1974227.3125
24.0 1978603.53125
25.0 1972164.109375
26.0 1971885.609375
27.0 1972461.421875
28.0 1973874.5625
29.0 1951565.890625
30.0 1931894.640625
31.0 1902421.15625
32.0 1875763.484375
33.0 1850834.59375
34.0 1821593.0234375
35.0 1795876.4453125
36.0 1772951.6484375
37.0 1750249.5859375
38.0 1718625.828125
39.0 1691115.6953125
40.0 1658282.78125
41.0 1633128.8203125
42.0 1615060.1015625
43.0 1596081.9921875
44.0 1569834.078125
45.0 1552886.25
46.0 1534206.25
47.0 1511959.9140625
48.0 1487511.640625
49.0 1468498.84375
50.0 1450246.7890625
51.0 1435023.671875
52.0 1417089.6015625
53.0 1399299.125
54.0 1392292.78125
55.0 1382295.1640625
56.0 1372820.8359375
57.0 1356389.9765625
58.0 1351679.546875
59.0 1342545.5234375
60.0 1333618.59375
61.0 1321065.1640625
62.0 1318315.0390625
63.0 1308463.9375
64.0 1308584.796875
65.0 1305109.4296875
66.0 1301792.15625
67.0 1291352.4453125
68.0 1280395.1171875
69.0 1273793.4453125
70.0 1259608.59375
71.0 1246549.5859375
72.0 1240905.3671875
73.0 1234120.0234375
74.0 1234559.4609375
75.0 1233700.59375
76.0 1230024.4140625
77.0 1233820.40625
78.0 1237326.7734375
79.0 1236640.609375
80.0 1240514.15625
81.0 1238551.5078125
82.0 1238160.8515625
83.0 1242239.171875
84.0 1243353.890625
85.0 1241047.03125
86.0 1240242.96875
87.0 1243563.3203125
88.0 1253329.84375
89.0 1269561.953125
90.0 1290151.71875
91.0 1315417.84375
92.0 1344622.2578125
93.0 1374416.1796875
94.0 1398445.0703125
95.0 1417705.9375
96.0 1438898.015625
97.0 1462886.3828125
98.0 1490752.2109375
99.0 1503222.3671875
100.0 1510323.1796875
101.0 1521686.4453125
102.0 1532037.015625
103.0 1544620.984375
104.0 1557938.9375
105.0 1582619.984375
106.0 1590249.6640625
107.0 1600122.0625
108.0 1591154.0
109.0 1604443.234375
110.0 1606543.640625
111.0 1580450.0703125
112.0 1546655.9609375
113.0 1522124.859375
114.0 1506107.2890625
115.0 1487530.4296875
116.0 1453600.96875
117.0 1421530.5390625
118.0 1399120.8046875
119.0 1385414.6015625
120.0 1370343.875
121.0 1358307.234375
122.0 1353805.9765625
123.0 1359097.15625
124.0 1365891.3828125
125.0 1370728.390625
126.0 1367525.5546875
127.0 1358367.03125
128.0 1345265.3515625
129.0 1321946.2578125
130.0 1291155.3203125
131.0 1266014.4453125
132.0 1246865.5390625
133.0 1221682.6015625
134.0 1205738.765625
135.0 1193959.578125
136.0 1188517.625
137.0 1185928.5625
138.0 1176552.7734375
139.0 1172735.84375
140.0 1173581.6484375
141.0 1176417.9453125
142.0 1181925.6796875
143.0 1184995.4765625
144.0 1184135.6171875
145.0 1178548.703125
146.0 1168519.0078125
147.0 1155874.5234375
148.0 1144121.6796875
149.0 1129235.546875
150.0 1112888.265625
151.0 1102173.4375
152.0 1093953.484375
153.0 1086582.375
154.0 1079608.734375
155.0 1072093.8359375
156.0 1061895.578125
157.0 1051868.671875
158.0 1040434.8515625
159.0 1028950.6015625
160.0 1017931.328125
161.0 1009979.1484375
162.0 1000332.3046875
163.0 996230.6953125
164.0 988560.671875
165.0 981021.015625
166.0 975027.1484375
167.0 964374.03125
168.0 955648.03125
169.0 946700.953125
170.0 937863.97265625
171.0 937585.984375
172.0 938351.98046875
173.0 940221.41015625
174.0 937576.23828125
175.0 936797.1015625
176.0 930137.75
177.0 924522.91015625
178.0 918583.46875
179.0 902938.35546875
180.0 893891.94921875
181.0 888833.06640625
182.0 883676.9453125
183.0 877163.94140625
184.0 874855.53125
185.0 871912.546875
186.0 872289.7421875
187.0 874463.56640625
188.0 877669.015625
189.0 884837.375
190.0 893295.8515625
191.0 896983.15234375
192.0 906094.5078125
193.0 915206.0390625
194.0 924037.296875
195.0 933922.25390625
196.0 944510.2421875
197.0 951587.78125
198.0 961103.359375
199.0 973257.4609375
200.0 986941.0625
201.0 995656.1875
202.0 1008382.4921875
203.0 1022262.4921875
204.0 1042190.5390625
205.0 1063285.4140625
206.0 1076184.703125
207.0 1096752.90625
208.0 1124140.2578125
209.0 1159897.015625
210.0 1190259.21875
211.0 1213628.078125
212.0 1231258.859375
213.0 1239700.2109375
214.0 1236181.4453125
215.0 1220546.703125
216.0 1203888.609375
217.0 1185664.1640625
218.0 1168635.6875
219.0 1160183.0703125
220.0 1158454.21875
221.0 1152170.578125
222.0 1141448.8828125
223.0 1130362.5546875
224.0 1118807.984375
225.0 1115842.7578125
226.0 1109409.5078125
227.0 1106571.796875
228.0 1112761.75
229.0 1121840.2734375
230.0 1129946.375
231.0 1142880.3671875
232.0 1163592.5078125
233.0 1189643.984375
234.0 1206758.453125
235.0 1212180.4609375
236.0 1210033.1484375
237.0 1199757.359375
238.0 1184514.8359375
239.0 1155927.453125
240.0 1121682.859375
241.0 1093895.84375
242.0 1075571.1328125
243.0 1060757.8046875
244.0 1045783.5234375
245.0 1039363.890625
246.0 1032048.9140625
247.0 1023863.8125
248.0 1020236.3046875
249.0 1015023.6796875
250.0 1009677.828125
251.0 1003612.125
252.0 996548.640625
253.0 993149.46875
254.0 987812.34375
255.0 981304.96875
256.0 974787.03125
257.0 971061.984375
258.0 972705.0390625
259.0 976581.3359375
260.0 977763.234375
261.0 982959.875
262.0 984536.0546875
263.0 986333.65625
264.0 987277.0625
265.0 982034.7109375
266.0 968020.25
267.0 955431.453125
268.0 943276.36328125
269.0 927441.8125
270.0 909774.375
271.0 893181.27734375
272.0 882307.4375
273.0 878616.23828125
274.0 868463.796875
275.0 857680.625
276.0 848345.6953125
277.0 839395.48828125
278.0 826604.65234375
279.0 810878.92578125
280.0 801433.625
281.0 791453.4921875
282.0 784024.11328125
283.0 777550.86328125
284.0 772612.54296875
285.0 765549.484375
286.0 760346.7421875
287.0 754651.66796875
288.0 754541.796875
289.0 747918.30859375
290.0 741127.74609375
291.0 734784.30859375
292.0 728384.41015625
293.0 717718.125
294.0 705947.36328125
295.0 700310.98046875
296.0 695342.44921875
297.0 688213.3984375
298.0 680725.84765625
299.0 673650.43359375
300.0 667086.55859375
301.0 661300.69921875
302.0 652806.45703125
303.0 642030.984375
304.0 636319.33984375
305.0 629759.55859375
306.0 624183.8671875
307.0 621867.7265625
308.0 621816.53515625
309.0 623745.359375
310.0 623915.79296875
311.0 624149.33984375
312.0 621584.125
313.0 621262.13671875
314.0 619589.875
315.0 623681.68359375
316.0 629455.453125
317.0 632917.421875
318.0 637175.71875
319.0 642133.83984375
320.0 647071.7265625
321.0 648312.79296875
322.0 648914.359375
323.0 649433.58984375
324.0 649681.21484375
325.0 647525.1875
326.0 647845.359375
327.0 648739.8984375
328.0 648229.54296875
329.0 652049.89453125
330.0 656242.4609375
331.0 662981.61328125
332.0 678996.87890625
333.0 692247.21484375
334.0 701398.4921875
335.0 708448.40625
336.0 716559.6640625
337.0 721331.296875
338.0 720119.6953125
339.0 714998.05859375
340.0 709684.16015625
341.0 707382.19921875
342.0 701980.66015625
343.0 694761.17578125
344.0 690192.328125
345.0 687412.24609375
346.0 686006.25
347.0 687093.08984375
348.0 691413.23828125
349.0 693824.19140625
350.0 704398.1875
351.0 718897.30078125
352.0 731216.421875
353.0 747175.89453125
354.0 761526.98828125
355.0 778483.85546875
356.0 797584.6015625
357.0 813073.38671875
358.0 827970.15625
359.0 839005.0859375
360.0 842499.41796875
361.0 844285.59375
362.0 841528.57421875
363.0 836874.97265625
364.0 825442.578125
365.0 811988.3046875
366.0 795143.171875
367.0 778096.35546875
368.0 759781.14453125
369.0 745178.19140625
370.0 734590.58203125
371.0 722546.47265625
372.0 712794.55859375
373.0 707903.76171875
374.0 701102.44921875
375.0 692445.6171875
376.0 684157.17578125
377.0 674662.58984375
378.0 668564.4609375
379.0 665477.15625
380.0 660911.82421875
381.0 658166.4765625
382.0 654313.27734375
383.0 656402.73828125
384.0 656717.91796875
385.0 659224.0703125
386.0 661402.72265625
387.0 664304.140625
388.0 662974.9375
389.0 660815.9375
390.0 657611.30859375
391.0 645164.08203125
392.0 631417.296875
393.0 617733.9921875
394.0 607093.33984375
395.0 602226.0390625
396.0 597355.61328125
397.0 589270.91015625
398.0 585550.8046875
399.0 583436.6953125
400.0 582432.875
401.0 586234.7578125
402.0 593892.6015625
403.0 598526.18359375
404.0 600257.2734375
405.0 601432.328125
406.0 602150.26171875
407.0 594978.98828125
408.0 583675.31640625
409.0 566275.86328125
410.0 553707.5
411.0 541608.65625
412.0 530966.02734375
413.0 522653.4375
414.0 516808.21875
415.0 513472.7734375
416.0 511364.97265625
417.0 509882.69140625
418.0 507825.94140625
419.0 508064.08984375
420.0 507126.0703125
421.0 505314.390625
422.0 503223.49609375
423.0 502208.19921875
424.0 501579.16015625
425.0 498933.25
426.0 498497.9296875
427.0 498206.41796875
428.0 497611.984375
429.0 498133.546875
430.0 498152.9375
431.0 500126.3984375
432.0 506916.65234375
433.0 509585.015625
434.0 516318.7890625
435.0 523177.4765625
436.0 524787.37109375
437.0 523540.578125
438.0 511399.12109375
439.0 498926.5546875
440.0 487971.34375
441.0 474627.953125
442.0 460135.15234375
443.0 446458.814453125
444.0 440408.7421875
445.0 434550.90625
446.0 428687.8515625
447.0 426319.583984375
448.0 423624.208984375
449.0 419797.525390625
450.0 416166.845703125
451.0 412641.845703125
452.0 409589.5625
453.0 406740.927734375
454.0 404498.29296875
455.0 403103.74609375
456.0 402301.408203125
457.0 401183.904296875
458.0 400203.912109375
459.0 399150.349609375
460.0 398887.6328125
461.0 397775.6171875
462.0 397715.97265625
463.0 397494.74609375
464.0 395583.701171875
465.0 396515.953125
466.0 393732.625
467.0 390994.64453125
468.0 388176.470703125
469.0 388270.740234375
470.0 389607.107421875
471.0 386650.67578125
472.0 384875.421875
473.0 385542.232421875
474.0 385191.7109375
475.0 381828.21875
476.0 380744.201171875
477.0 381500.431640625
478.0 382390.1953125
479.0 382527.2890625
480.0 382820.16015625
481.0 382840.8828125
482.0 383801.8203125
483.0 383749.958984375
484.0 382734.8046875
485.0 384135.630859375
486.0 383213.84765625
487.0 382610.388671875
488.0 384235.169921875
489.0 383802.078125
490.0 384401.181640625
491.0 383807.306640625
492.0 380394.650390625
493.0 378965.796875
494.0 377122.6796875
495.0 375406.810546875
496.0 376086.43359375
497.0 377436.814453125
498.0 378250.94140625
499.0 380675.318359375
500.0 381351.236328125
501.0 381437.77734375
502.0 382832.9296875
503.0 383568.703125
504.0 385289.92578125
505.0 387744.67578125
506.0 390516.9921875
507.0 394265.546875
508.0 398262.80859375
509.0 403302.908203125
510.0 409121.69921875
511.0 416937.08984375
512.0 425245.044921875
513.0 434846.087890625
514.0 443249.49609375
515.0 448995.44140625
516.0 453450.4921875
517.0 452541.900390625
518.0 448880.017578125
519.0 446224.6875
520.0 444309.490234375
521.0 440281.4453125
522.0 439434.845703125
523.0 440995.58203125
524.0 440538.40234375
525.0 439393.06640625
526.0 437063.673828125
527.0 435096.6953125
528.0 430300.7734375
529.0 426750.185546875
530.0 424523.134765625
531.0 421686.978515625
532.0 423659.89453125
533.0 427856.546875
534.0 431832.498046875
535.0 440407.544921875
536.0 447489.794921875
537.0 458080.908203125
538.0 469748.15234375
539.0 483900.93359375
540.0 501839.02734375
541.0 529603.03125
542.0 565118.20703125
543.0 600645.6875
544.0 626761.6171875
545.0 637596.01953125
546.0 638953.36328125
547.0 633346.41796875
548.0 620422.0390625
549.0 602016.31640625
550.0 579480.08203125
551.0 561423.32421875
552.0 551615.34765625
553.0 543356.421875
554.0 534315.078125
555.0 525841.40234375
556.0 518454.296875
557.0 513799.5390625
558.0 515224.44140625
559.0 518150.640625
560.0 521625.1484375
561.0 526939.83984375
562.0 531270.1015625
563.0 535279.9140625
564.0 537656.6875
565.0 539320.38671875
566.0 540415.265625
567.0 539641.5390625
568.0 539974.9921875
569.0 535858.45703125
570.0 527930.93359375
571.0 518566.2109375
572.0 510045.0234375
573.0 501879.8046875
574.0 495409.5
575.0 488220.125
576.0 481683.0546875
577.0 479187.48828125
578.0 479500.5703125
579.0 481166.98046875
580.0 480867.09765625
581.0 478015.4140625
582.0 478218.25
583.0 476002.048828125
584.0 470213.4921875
585.0 467712.751953125
586.0 463624.83203125
587.0 460219.966796875
588.0 459049.599609375
589.0 454908.7734375
590.0 453379.603515625
591.0 452609.685546875
592.0 454091.185546875
593.0 454342.0
594.0 456953.888671875
595.0 461057.6796875
596.0 463851.5
597.0 468604.431640625
598.0 469857.828125
599.0 469113.83984375
600.0 468695.978515625
601.0 467673.005859375
602.0 466597.57421875
603.0 466741.39453125
604.0 466899.943359375
605.0 465825.626953125
606.0 466307.34375
607.0 468475.88671875
608.0 470423.8828125
609.0 470530.96875
610.0 470888.08984375
611.0 469556.1171875
612.0 466837.568359375
613.0 463679.787109375
614.0 460948.884765625
615.0 459655.31640625
616.0 460126.939453125
617.0 460193.490234375
618.0 460474.064453125
619.0 459973.515625
620.0 459141.068359375
621.0 456495.0859375
622.0 450706.55859375
623.0 440627.47265625
624.0 429428.94140625
625.0 422004.548828125
626.0 416947.609375
627.0 414067.0234375
628.0 414547.439453125
629.0 413215.091796875
630.0 410989.90625
631.0 405783.021484375
632.0 400876.708984375
633.0 396407.74609375
634.0 392034.998046875
635.0 386329.765625
636.0 383542.966796875
637.0 380181.57421875
638.0 374591.625
639.0 371206.025390625
640.0 366019.69921875
641.0 362033.33203125
642.0 356806.38671875
643.0 351133.427734375
644.0 344643.564453125
645.0 337873.39453125
646.0 331973.4765625
647.0 323802.7109375
648.0 316835.759765625
649.0 314078.619140625
650.0 311272.0390625
651.0 309288.68359375
652.0 305584.908203125
653.0 302099.64453125
654.0 299157.982421875
655.0 294637.087890625
656.0 290154.646484375
657.0 285165.57421875
658.0 283225.5390625
659.0 280553.388671875
660.0 277776.041015625
661.0 274686.576171875
662.0 271531.41796875
663.0 271149.974609375
664.0 271985.23828125
665.0 271937.76953125
666.0 270587.09375
667.0 270155.609375
668.0 270247.201171875
669.0 267726.796875
670.0 264738.68359375
671.0 264685.265625
672.0 264756.35546875
673.0 265936.435546875
674.0 264829.201171875
675.0 264485.708984375
676.0 264496.759765625
677.0 264993.650390625
678.0 263965.982421875
679.0 262835.126953125
680.0 264165.599609375
681.0 264790.884765625
682.0 266814.580078125
683.0 267932.419921875
684.0 269044.830078125
685.0 271167.927734375
686.0 273206.755859375
687.0 277139.873046875
688.0 281946.677734375
689.0 288238.80078125
690.0 294465.03515625
691.0 299480.669921875
692.0 304788.71484375
693.0 307740.7265625
694.0 310802.61328125
695.0 313740.232421875
696.0 317280.029296875
697.0 322234.22265625
698.0 325592.767578125
699.0 326699.53125
700.0 331059.005859375
701.0 334754.6953125
702.0 340106.24609375
703.0 345134.931640625
704.0 351013.671875
705.0 356668.15234375
706.0 366426.875
707.0 372126.546875
708.0 378938.74609375
709.0 383180.52734375
710.0 389034.65625
711.0 392320.90625
712.0 393783.8984375
713.0 396868.412109375
714.0 402215.1328125
715.0 406389.4375
716.0 411089.796875
717.0 414197.947265625
718.0 415862.037109375
719.0 421787.287109375
720.0 426342.49609375
721.0 430336.82421875
722.0 435045.2109375
723.0 439384.412109375
724.0 442325.357421875
725.0 447311.841796875
726.0 449699.9765625
727.0 451718.845703125
728.0 454307.23046875
729.0 455749.935546875
730.0 460818.50390625
731.0 465386.25
732.0 469690.748046875
733.0 472897.46484375
734.0 474170.65234375
735.0 476855.998046875
736.0 480614.837890625
737.0 479886.29296875
738.0 481668.55859375
739.0 484106.81640625
740.0 488169.501953125
741.0 493358.51171875
742.0 496352.13671875
743.0 501489.65234375
744.0 507474.07421875
745.0 513183.31640625
746.0 518468.71484375
747.0 521729.44140625
748.0 525131.12890625
749.0 525921.18359375
750.0 528449.3203125
751.0 531562.6484375
752.0 536923.45703125
753.0 543141.25
754.0 551661.04296875
755.0 562920.85546875
756.0 572351.78125
757.0 584931.890625
758.0 598892.48828125
759.0 610870.8828125
760.0 622422.98828125
761.0 632903.5078125
762.0 635540.03515625
763.0 637184.765625
764.0 639684.06640625
765.0 640257.1640625
766.0 639676.9609375
767.0 642644.5546875
768.0 650118.5078125
769.0 659179.04296875
770.0 667961.1796875
771.0 675296.2890625
772.0 678008.5859375
773.0 679322.4921875
774.0 675726.9765625
775.0 667224.75390625
776.0 662471.70703125
777.0 657433.125
778.0 651863.140625
779.0 650191.49609375
780.0 654696.546875
781.0 660136.73828125
782.0 667429.53125
783.0 677635.15625
784.0 694299.71484375
785.0 716854.39453125
786.0 740848.91796875
787.0 760138.82421875
788.0 778687.73828125
789.0 795232.20703125
790.0 812156.27734375
791.0 825114.7265625
792.0 831226.62890625
793.0 835181.2578125
794.0 841534.421875
795.0 850316.4609375
796.0 865135.26171875
797.0 880687.703125
798.0 898712.9296875
799.0 916136.65625
800.0 933109.8515625
801.0 952560.6328125
802.0 964275.578125
803.0 965986.828125
804.0 961229.890625
805.0 958256.9296875
806.0 954811.15625
807.0 953145.9765625
808.0 956391.25
809.0 964865.6328125
810.0 974514.515625
811.0 988353.6328125
812.0 1012633.359375
813.0 1045852.21875
814.0 1073671.359375
815.0 1096788.6640625
816.0 1115317.6875
817.0 1126604.53125
818.0 1124138.9140625
819.0 1122196.640625
820.0 1117729.1015625
821.0 1115985.3125
822.0 1123106.6640625
823.0 1132282.6015625
824.0 1150912.6796875
825.0 1173799.4296875
826.0 1194475.2734375
827.0 1204733.3125
828.0 1208795.2890625
829.0 1211397.53125
830.0 1216971.8671875
831.0 1228437.5234375
832.0 1242220.3359375
833.0 1259855.1953125
834.0 1271411.4375
835.0 1274379.671875
836.0 1267888.90625
837.0 1251276.1328125
838.0 1227585.2578125
839.0 1203235.3671875
840.0 1181963.5625
841.0 1172097.3203125
842.0 1171684.046875
843.0 1178527.640625
844.0 1193916.0859375
845.0 1209000.40625
846.0 1217676.6328125
847.0 1224321.9609375
848.0 1221933.8515625
849.0 1216671.2890625
850.0 1211782.3671875
851.0 1212707.34375
852.0 1223019.65625
853.0 1241844.8046875
854.0 1260646.7890625
855.0 1277273.34375
856.0 1297010.6796875
857.0 1324426.7421875
858.0 1339648.8515625
859.0 1346962.2109375
860.0 1342535.7265625
861.0 1327083.28125
862.0 1318686.328125
863.0 1307976.7890625
864.0 1297247.7734375
865.0 1287964.34375
866.0 1285179.921875
867.0 1294163.046875
868.0 1315101.2109375
869.0 1339320.2578125
870.0 1352907.03125
871.0 1363274.1015625
872.0 1372801.9375
873.0 1380131.84375
874.0 1380008.234375
875.0 1365074.0859375
876.0 1353380.71875
877.0 1346530.359375
878.0 1341130.2734375
879.0 1333570.8828125
880.0 1322146.8515625
881.0 1315188.90625
882.0 1309853.578125
883.0 1304619.3359375
884.0 1304784.4296875
885.0 1310601.0625
886.0 1317307.375
887.0 1321681.9921875
888.0 1313473.2734375
889.0 1298979.796875
890.0 1284433.6953125
891.0 1274746.75
892.0 1264744.7890625
893.0 1261811.453125
894.0 1272249.0546875
895.0 1290272.96875
896.0 1305945.859375
897.0 1311650.4375
898.0 1311880.9296875
899.0 1303685.2734375
900.0 1296443.09375
901.0 1287061.1875
902.0 1277901.8203125
903.0 1272332.609375
904.0 1268085.1484375
905.0 1269338.3984375
906.0 1274123.859375
907.0 1271151.1796875
908.0 1271453.6796875
909.0 1268371.9296875
910.0 1268245.0078125
911.0 1269755.4453125
912.0 1273114.3671875
913.0 1279218.25
914.0 1291729.0
915.0 1314896.0859375
916.0 1344751.5
917.0 1375967.984375
918.0 1405622.390625
919.0 1423153.6953125
920.0 1441178.1953125
921.0 1457050.1875
922.0 1465798.1484375
923.0 1465033.4296875
924.0 1463619.6484375
925.0 1459744.8125
926.0 1454993.3203125
927.0 1447482.40625
928.0 1439484.9921875
929.0 1426965.1015625
930.0 1429811.3984375
931.0 1434176.6875
932.0 1430695.84375
933.0 1427520.484375
934.0 1422174.109375
935.0 1418463.90625
936.0 1421170.375
937.0 1422218.2421875
938.0 1417842.359375
939.0 1404841.1328125
940.0 1391544.7890625
941.0 1384661.3359375
942.0 1375555.796875
943.0 1360585.921875
944.0 1350383.765625
945.0 1349421.2734375
946.0 1352062.7890625
947.0 1357581.8515625
948.0 1362225.421875
949.0 1370919.2734375
950.0 1379756.9296875
951.0 1384620.2890625
952.0 1384675.109375
953.0 1384052.1484375
954.0 1380952.0625
955.0 1381125.96875
956.0 1377790.4765625
957.0 1372834.34375
958.0 1365433.59375
959.0 1359970.3984375
960.0 1359614.9921875
961.0 1361148.28125
962.0 1361830.4921875
963.0 1370041.5234375
964.0 1383697.1328125
965.0 1402908.2734375
966.0 1418305.28125
967.0 1432531.7265625
968.0 1441842.8828125
969.0 1449936.7265625
970.0 1451248.9296875
971.0 1442798.7578125
972.0 1427677.0
973.0 1408595.71875
974.0 1392743.9609375
975.0 1384943.59375
976.0 1379328.0390625
977.0 1377542.8671875
978.0 1375363.5390625
979.0 1365915.640625
980.0 1357741.0625
981.0 1349177.7421875
982.0 1347667.3046875
983.0 1343035.390625
984.0 1336052.671875
985.0 1331979.328125
986.0 1334082.6484375
987.0 1341184.1171875
988.0 1345725.015625
989.0 1347492.7578125
990.0 1348434.5078125
991.0 1347447.2109375
992.0 1341660.9140625
993.0 1331486.046875
994.0 1317771.796875
995.0 1298950.8515625
996.0 1283402.359375
997.0 1275586.5625
998.0 1274419.5859375
999.0 1273715.9375
1000.0 1279090.609375
1001.0 1280750.6953125
1002.0 1279136.5625
1003.0 1269707.0859375
1004.0 1249071.125
1005.0 1236111.03125
1006.0 1248991.8203125
1007.0 1246275.4140625
1008.0 1244352.234375
1009.0 1241635.03125
1010.0 1245464.4921875
1011.0 1246858.6796875
1012.0 1252224.78125
1013.0 1265641.421875
1014.0 1279656.078125
1015.0 1296594.4765625
1016.0 1312763.03125
1017.0 1330280.2890625
1018.0 1340298.2890625
1019.0 1334573.5703125
1020.0 1325718.2109375
1021.0 1314728.7578125
1022.0 1118326.296875
1023.0 726695.9609375
