string
20201019p3.2_degree/TG_20201019_106back: 20201019p3.2_degree/dark/TG_20201019_058.tif integrated counts_backsubbed
px integrated counts
0.0 87948.21435546875
1.0 137417.2109375
2.0 175784.2587890625
3.0 183278.2255859375
4.0 183887.5234375
5.0 188769.28515625
6.0 187740.24609375
7.0 183730.7216796875
8.0 184539.76171875
9.0 186119.439453125
10.0 186793.193359375
11.0 187048.466796875
12.0 185773.1103515625
13.0 187831.9765625
14.0 190737.90234375
15.0 189897.3330078125
16.0 192396.462890625
17.0 194907.658203125
18.0 196887.169921875
19.0 198175.169921875
20.0 196600.13671875
21.0 200437.87890625
22.0 205242.24609375
23.0 207517.662109375
24.0 208418.431640625
25.0 214185.94921875
26.0 221891.48828125
27.0 221975.8359375
28.0 225529.205078125
29.0 229930.1953125
30.0 232207.083984375
31.0 233721.490234375
32.0 234948.49609375
33.0 241706.40234375
34.0 247544.67578125
35.0 251096.6484375
36.0 263988.5234375
37.0 272170.220703125
38.0 281321.5625
39.0 290679.115234375
40.0 288664.302734375
41.0 294733.099609375
42.0 292447.25390625
43.0 296390.798828125
44.0 300291.052734375
45.0 319503.3046875
46.0 345579.892578125
47.0 354731.302734375
48.0 350665.419921875
49.0 354478.296875
50.0 353109.05859375
51.0 344160.880859375
52.0 328016.916015625
53.0 302890.783203125
54.0 297432.6484375
55.0 309980.60546875
56.0 334989.07421875
57.0 368715.20703125
58.0 387997.8203125
59.0 410553.390625
60.0 439800.34375
61.0 467806.79296875
62.0 481840.6484375
63.0 475985.38671875
64.0 457638.44140625
65.0 458082.05859375
66.0 485655.84375
67.0 509768.96875
68.0 528287.8125
69.0 518870.078125
70.0 512953.7109375
71.0 509610.30078125
72.0 497864.89453125
73.0 457882.39453125
74.0 410993.0078125
75.0 361876.025390625
76.0 323184.361328125
77.0 303295.49609375
78.0 295920.54296875
79.0 291754.2421875
80.0 289222.888671875
81.0 290981.82421875
82.0 290317.771484375
83.0 288449.28125
84.0 292045.455078125
85.0 293024.052734375
86.0 291770.8515625
87.0 305148.244140625
88.0 334700.943359375
89.0 371554.19921875
90.0 403311.42578125
91.0 419180.54296875
92.0 434721.5859375
93.0 471026.0
94.0 489059.296875
95.0 474915.48828125
96.0 451817.61328125
97.0 431735.05859375
98.0 427458.2890625
99.0 413950.7109375
100.0 373101.28125
101.0 339331.615234375
102.0 318153.298828125
103.0 310144.74609375
104.0 323042.310546875
105.0 342901.90625
106.0 363567.841796875
107.0 371045.171875
108.0 375379.9765625
109.0 379291.5234375
110.0 382645.29296875
111.0 375484.41796875
112.0 368037.55078125
113.0 389785.04296875
114.0 419056.83984375
115.0 408727.83203125
116.0 405995.640625
117.0 402743.265625
118.0 393792.21484375
119.0 360541.158203125
120.0 305380.78125
121.0 266191.486328125
122.0 254062.83984375
123.0 251858.591796875
124.0 254531.376953125
125.0 264032.21484375
126.0 274236.474609375
127.0 284167.35546875
128.0 284475.794921875
129.0 293422.552734375
130.0 308426.6484375
131.0 323218.138671875
132.0 324809.2265625
133.0 329800.3828125
134.0 367616.02734375
135.0 415290.20703125
136.0 429171.69921875
137.0 422498.56640625
138.0 433204.140625
139.0 452353.12109375
140.0 453101.0546875
141.0 406364.44140625
142.0 405110.7265625
143.0 438271.73046875
144.0 460589.015625
145.0 426293.50390625
146.0 408092.44921875
147.0 379416.7109375
148.0 367916.109375
149.0 316720.279296875
150.0 256156.619140625
151.0 225212.728515625
152.0 221669.943359375
153.0 232635.0078125
154.0 252580.3046875
155.0 269794.587890625
156.0 293503.173828125
157.0 323054.52734375
158.0 341318.701171875
159.0 347550.794921875
160.0 356303.57421875
161.0 356146.5625
162.0 346731.5625
163.0 312209.92578125
164.0 278707.31640625
165.0 250320.98828125
166.0 224279.6015625
167.0 198137.962890625
168.0 165254.13671875
169.0 147220.029296875
170.0 143979.9921875
171.0 143704.0498046875
172.0 149453.857421875
173.0 156072.4541015625
174.0 162203.736328125
175.0 171440.21875
176.0 180830.369140625
177.0 187128.65625
178.0 191684.326171875
179.0 193066.427734375
180.0 197731.787109375
181.0 201432.01171875
182.0 198653.404296875
183.0 199462.455078125
184.0 200023.0390625
185.0 200952.326171875
186.0 199957.689453125
187.0 197522.837890625
188.0 196729.646484375
189.0 195189.146484375
190.0 191858.55078125
191.0 189003.8515625
192.0 187630.33203125
193.0 188223.314453125
194.0 197575.720703125
195.0 229195.501953125
196.0 298058.646484375
197.0 347061.724609375
198.0 352650.7109375
199.0 370907.546875
200.0 378562.6171875
201.0 371131.5390625
202.0 330300.544921875
203.0 258486.1875
204.0 208897.009765625
205.0 196854.26953125
206.0 187354.98046875
207.0 182640.216796875
208.0 179395.04296875
209.0 177541.9775390625
210.0 178205.6943359375
211.0 176807.9296875
212.0 174333.708984375
213.0 171712.6611328125
214.0 171589.521484375
215.0 170714.220703125
216.0 169625.1728515625
217.0 175409.82421875
218.0 185505.869140625
219.0 191280.953125
220.0 194843.974609375
221.0 201085.75
222.0 207993.4140625
223.0 217353.328125
224.0 219006.61328125
225.0 222587.33984375
226.0 228440.318359375
227.0 232827.33203125
228.0 227804.46875
229.0 220959.033203125
230.0 213216.333984375
231.0 202948.63671875
232.0 193972.291015625
233.0 182433.453125
234.0 175200.583984375
235.0 163543.8564453125
236.0 153613.744140625
237.0 155884.4921875
238.0 150893.8154296875
239.0 149671.83203125
240.0 148628.431640625
241.0 147014.8779296875
242.0 146746.2333984375
243.0 144815.7412109375
244.0 143499.5947265625
245.0 141641.736328125
246.0 143692.806640625
247.0 147313.8486328125
248.0 159434.837890625
249.0 183454.7890625
250.0 203662.919921875
251.0 212958.64453125
252.0 236527.3828125
253.0 240912.6328125
254.0 241756.38671875
255.0 234612.818359375
256.0 215650.2109375
257.0 200612.576171875
258.0 186816.67578125
259.0 173744.7548828125
260.0 172061.3662109375
261.0 173840.1767578125
262.0 172897.685546875
263.0 169065.5693359375
264.0 170147.400390625
265.0 169653.0791015625
266.0 164201.7216796875
267.0 156333.1337890625
268.0 148832.19140625
269.0 148263.3193359375
270.0 151893.498046875
271.0 155970.3466796875
272.0 160221.3818359375
273.0 161498.5537109375
274.0 160247.2216796875
275.0 158364.1416015625
276.0 147015.85546875
277.0 139528.021484375
278.0 133639.08203125
279.0 130002.1259765625
280.0 131307.1455078125
281.0 150810.5263671875
282.0 168802.923828125
283.0 170690.763671875
284.0 177151.9208984375
285.0 180440.359375
286.0 181438.251953125
287.0 177346.9033203125
288.0 180225.0166015625
289.0 189936.162109375
290.0 192260.75
291.0 191219.98046875
292.0 201506.59375
293.0 202692.091796875
294.0 199914.470703125
295.0 181030.94921875
296.0 162310.08203125
297.0 155240.642578125
298.0 157560.1904296875
299.0 159173.7802734375
300.0 162632.919921875
301.0 162421.4677734375
302.0 156891.9306640625
303.0 155067.6337890625
304.0 152456.8271484375
305.0 152838.0068359375
306.0 148599.7431640625
307.0 144303.263671875
308.0 144832.3974609375
309.0 147667.12890625
310.0 143665.2626953125
311.0 144277.1044921875
312.0 138971.5703125
313.0 133619.359375
314.0 124252.1669921875
315.0 118375.9111328125
316.0 116449.2197265625
317.0 116673.1123046875
318.0 117511.4697265625
319.0 116269.126953125
320.0 117137.4990234375
321.0 117169.580078125
322.0 117790.5439453125
323.0 119857.2041015625
324.0 121252.048828125
325.0 122967.580078125
326.0 126305.6689453125
327.0 131145.515625
328.0 133315.1044921875
329.0 132990.8203125
330.0 136407.8759765625
331.0 138193.2421875
332.0 137409.681640625
333.0 135263.9365234375
334.0 131750.0390625
335.0 130811.3271484375
336.0 131873.275390625
337.0 133632.1044921875
338.0 132861.501953125
339.0 132775.19921875
340.0 130590.6318359375
341.0 130208.1328125
342.0 127171.3544921875
343.0 124254.0654296875
344.0 120626.353515625
345.0 120596.345703125
346.0 118096.6044921875
347.0 116399.79296875
348.0 115795.0693359375
349.0 113632.6044921875
350.0 111544.544921875
351.0 110385.94140625
352.0 107529.6357421875
353.0 106671.5263671875
354.0 106755.1201171875
355.0 107656.7763671875
356.0 109833.8603515625
357.0 111300.3857421875
358.0 113926.9521484375
359.0 116183.7685546875
360.0 113816.609375
361.0 112430.099609375
362.0 108855.8427734375
363.0 105575.9052734375
364.0 102983.3544921875
365.0 103057.8642578125
366.0 102990.751953125
367.0 103046.90234375
368.0 103527.6357421875
369.0 103158.8134765625
370.0 105311.7373046875
371.0 106177.443359375
372.0 103567.333984375
373.0 102509.1630859375
374.0 102131.38671875
375.0 100734.7021484375
376.0 100658.2080078125
377.0 100702.703125
378.0 103453.017578125
379.0 106289.005859375
380.0 108792.7802734375
381.0 114119.1162109375
382.0 124068.4013671875
383.0 138997.8642578125
384.0 148222.4365234375
385.0 154469.0888671875
386.0 153724.8203125
387.0 154958.953125
388.0 147980.451171875
389.0 137876.1376953125
390.0 121557.509765625
391.0 109230.6533203125
392.0 103248.1279296875
393.0 100152.046875
394.0 97029.767578125
395.0 95089.6982421875
396.0 94081.57421875
397.0 92474.220703125
398.0 91598.63623046875
399.0 92196.544921875
400.0 91557.4990234375
401.0 92374.82666015625
402.0 93896.6318359375
403.0 96163.5771484375
404.0 96972.1298828125
405.0 98454.4423828125
406.0 101049.3291015625
407.0 99101.7822265625
408.0 98580.12109375
409.0 97970.365234375
410.0 98543.8330078125
411.0 98052.291015625
412.0 102893.34375
413.0 106250.1796875
414.0 107399.5712890625
415.0 110752.87109375
416.0 111452.8369140625
417.0 110829.947265625
418.0 105819.064453125
419.0 100440.6064453125
420.0 98587.5263671875
421.0 97944.62109375
422.0 97676.9638671875
423.0 98977.8017578125
424.0 101292.337890625
425.0 103197.0087890625
426.0 104423.9521484375
427.0 104066.2734375
428.0 103756.099609375
429.0 101760.8134765625
430.0 97537.87890625
431.0 97919.76171875
432.0 98491.9541015625
433.0 98498.2529296875
434.0 98892.267578125
435.0 101572.5283203125
436.0 102313.70703125
437.0 101699.640625
438.0 97951.8837890625
439.0 92559.880859375
440.0 87225.6552734375
441.0 86484.53515625
442.0 85285.8828125
443.0 84379.95947265625
444.0 84886.47119140625
445.0 85468.92822265625
446.0 84744.31787109375
447.0 83855.86572265625
448.0 83593.068359375
449.0 83979.93017578125
450.0 83312.60693359375
451.0 84028.1591796875
452.0 83403.052734375
453.0 82304.06494140625
454.0 82516.0302734375
455.0 83771.71923828125
456.0 85552.6181640625
457.0 89243.3193359375
458.0 91256.12109375
459.0 93650.0615234375
460.0 94530.9931640625
461.0 93956.4033203125
462.0 91613.0654296875
463.0 87307.859375
464.0 84254.08349609375
465.0 82333.62255859375
466.0 81700.42333984375
467.0 80520.00146484375
468.0 79882.25927734375
469.0 80254.0107421875
470.0 81226.3798828125
471.0 84206.0478515625
472.0 89452.65234375
473.0 93358.53564453125
474.0 96123.9677734375
475.0 96195.0771484375
476.0 96816.9267578125
477.0 95630.671875
478.0 89140.33837890625
479.0 81303.71484375
480.0 76255.89892578125
481.0 73927.58349609375
482.0 72368.88232421875
483.0 72235.37255859375
484.0 71355.791015625
485.0 71352.28759765625
486.0 70480.72900390625
487.0 69773.7568359375
488.0 70450.4140625
489.0 70529.44091796875
490.0 70883.720703125
491.0 69089.0419921875
492.0 68683.5546875
493.0 68758.130859375
494.0 68532.92333984375
495.0 69478.71484375
496.0 68847.5673828125
497.0 70513.69287109375
498.0 71464.38232421875
499.0 71277.01416015625
500.0 72864.82470703125
501.0 71792.28271484375
502.0 70997.01904296875
503.0 69370.75927734375
504.0 67158.24658203125
505.0 65798.73046875
506.0 66464.26708984375
507.0 68808.142578125
508.0 70113.3125
509.0 72206.08935546875
510.0 74171.47900390625
511.0 72567.84765625
512.0 73306.44580078125
513.0 73626.96142578125
514.0 75172.66455078125
515.0 78375.1083984375
516.0 80939.68505859375
517.0 83306.7490234375
518.0 84128.72509765625
519.0 85855.03173828125
520.0 82666.0546875
521.0 75587.32666015625
522.0 70839.9765625
523.0 69494.28662109375
524.0 72575.61865234375
525.0 72451.46728515625
526.0 73968.173828125
527.0 75516.61474609375
528.0 74537.90087890625
529.0 71617.75341796875
530.0 68875.0302734375
531.0 69533.94775390625
532.0 74033.98681640625
533.0 76246.431640625
534.0 79114.79150390625
535.0 81339.806640625
536.0 80905.6552734375
537.0 73863.20458984375
538.0 64620.171875
539.0 57095.66357421875
540.0 53587.40576171875
541.0 52689.3984375
542.0 51337.970703125
543.0 51930.60009765625
544.0 50514.4365234375
545.0 49832.25341796875
546.0 50128.4208984375
547.0 49783.0654296875
548.0 50784.73876953125
549.0 51314.77197265625
550.0 51593.75048828125
551.0 50545.1962890625
552.0 51372.470703125
553.0 52789.900390625
554.0 54897.05126953125
555.0 55503.05224609375
556.0 56805.21875
557.0 58024.03564453125
558.0 60069.2373046875
559.0 62440.68115234375
560.0 62122.1865234375
561.0 60961.19921875
562.0 62402.3076171875
563.0 62374.02294921875
564.0 61597.49462890625
565.0 59542.13916015625
566.0 57014.6865234375
567.0 54385.65234375
568.0 54503.8046875
569.0 55325.66064453125
570.0 53179.7587890625
571.0 52741.9482421875
572.0 51209.5263671875
573.0 48685.8994140625
574.0 45487.8984375
575.0 42702.0869140625
576.0 41554.46630859375
577.0 39369.9736328125
578.0 38780.17626953125
579.0 37507.63037109375
580.0 37102.630126953125
581.0 38093.765625
582.0 36738.468994140625
583.0 37205.93994140625
584.0 37255.186767578125
585.0 36668.820068359375
586.0 37482.0380859375
587.0 37395.105224609375
588.0 38915.619873046875
589.0 39400.46337890625
590.0 39687.330810546875
591.0 40272.07861328125
592.0 40258.310791015625
593.0 40332.130859375
594.0 40054.5009765625
595.0 39823.517578125
596.0 40826.872802734375
597.0 40151.54931640625
598.0 40160.98046875
599.0 41598.584716796875
600.0 42663.672119140625
601.0 41508.349853515625
602.0 41565.7392578125
603.0 41996.84814453125
604.0 40731.706787109375
605.0 40803.553466796875
606.0 41357.369384765625
607.0 41634.229736328125
608.0 41718.589111328125
609.0 41601.239501953125
610.0 41530.57275390625
611.0 41790.4169921875
612.0 42049.11767578125
613.0 41746.517333984375
614.0 40517.495849609375
615.0 39763.35009765625
616.0 39480.615966796875
617.0 39994.96630859375
618.0 40495.6064453125
619.0 39808.39208984375
620.0 39533.6162109375
621.0 39130.596435546875
622.0 38984.54443359375
623.0 38496.453369140625
624.0 37943.250244140625
625.0 38277.93115234375
626.0 38107.051513671875
627.0 38040.16455078125
628.0 38079.227783203125
629.0 37871.8076171875
630.0 38303.084716796875
631.0 37907.838623046875
632.0 37867.314208984375
633.0 37688.77294921875
634.0 38087.5166015625
635.0 38558.418701171875
636.0 41277.44482421875
637.0 46161.1748046875
638.0 53074.326171875
639.0 58093.0556640625
640.0 62407.076171875
641.0 66120.40869140625
642.0 65749.5146484375
643.0 62159.51708984375
644.0 54226.3505859375
645.0 46810.23974609375
646.0 40673.67626953125
647.0 38044.19287109375
648.0 37354.010009765625
649.0 37771.797119140625
650.0 36913.906005859375
651.0 37474.65234375
652.0 37148.62841796875
653.0 36356.8798828125
654.0 36672.9111328125
655.0 35008.921875
656.0 34851.859375
657.0 35048.280029296875
658.0 34557.25048828125
659.0 34567.010498046875
660.0 34894.234130859375
661.0 35419.34228515625
662.0 36123.493408203125
663.0 35646.820068359375
664.0 35327.625732421875
665.0 35166.3779296875
666.0 35735.79052734375
667.0 35204.718505859375
668.0 35088.260498046875
669.0 34247.12939453125
670.0 34030.77880859375
671.0 33729.471435546875
672.0 33257.650634765625
673.0 33351.262451171875
674.0 34121.2939453125
675.0 34603.10595703125
676.0 35171.744384765625
677.0 34811.470947265625
678.0 35278.52734375
679.0 35528.997802734375
680.0 36437.46240234375
681.0 36547.188720703125
682.0 37946.4951171875
683.0 37284.649658203125
684.0 36769.817626953125
685.0 37732.098876953125
686.0 37205.9013671875
687.0 36268.160888671875
688.0 35611.189697265625
689.0 35898.021240234375
690.0 36911.17822265625
691.0 37216.229736328125
692.0 37660.13671875
693.0 38039.712890625
694.0 39018.501220703125
695.0 39172.482666015625
696.0 39209.564697265625
697.0 39135.689697265625
698.0 38575.626708984375
699.0 38634.037353515625
700.0 38812.798583984375
701.0 38395.4765625
702.0 37131.761962890625
703.0 36535.625
704.0 35636.507568359375
705.0 34609.511962890625
706.0 34328.432861328125
707.0 34747.038818359375
708.0 33974.625
709.0 33389.853515625
710.0 33026.6640625
711.0 33041.13134765625
712.0 32529.611328125
713.0 32492.2724609375
714.0 31911.75244140625
715.0 31009.8115234375
716.0 30532.0546875
717.0 30058.963623046875
718.0 30412.2392578125
719.0 30461.242919921875
720.0 30394.33349609375
721.0 31031.60595703125
722.0 30505.674560546875
723.0 30700.39013671875
724.0 31731.63623046875
725.0 31663.067626953125
726.0 31495.6015625
727.0 31549.48193359375
728.0 32207.46435546875
729.0 31124.77880859375
730.0 30244.5263671875
731.0 30671.750244140625
732.0 30523.0205078125
733.0 29792.6875
734.0 29871.009521484375
735.0 30254.056396484375
736.0 30969.300537109375
737.0 31545.1552734375
738.0 31517.049072265625
739.0 32056.84228515625
740.0 32928.540771484375
741.0 33753.374755859375
742.0 35175.6455078125
743.0 36152.19970703125
744.0 39041.76611328125
745.0 41800.991943359375
746.0 42436.791748046875
747.0 43725.41259765625
748.0 45537.72216796875
749.0 46764.66259765625
750.0 44882.82421875
751.0 42711.207275390625
752.0 42776.087646484375
753.0 42655.48486328125
754.0 42618.253173828125
755.0 41320.17919921875
756.0 39949.4482421875
757.0 38920.636962890625
758.0 37878.591552734375
759.0 38028.8427734375
760.0 37763.12744140625
761.0 36695.1005859375
762.0 36666.027099609375
763.0 35883.079345703125
764.0 35753.924072265625
765.0 35234.986328125
766.0 35146.20654296875
767.0 35637.265625
768.0 36487.3564453125
769.0 37070.007080078125
770.0 37547.971923828125
771.0 37030.36181640625
772.0 36359.8369140625
773.0 35996.060791015625
774.0 34807.7705078125
775.0 33981.9140625
776.0 33717.9951171875
777.0 33156.393798828125
778.0 32295.17578125
779.0 32587.294189453125
780.0 32750.927734375
781.0 32688.269287109375
782.0 32911.74609375
783.0 32105.26416015625
784.0 32217.200439453125
785.0 32314.606201171875
786.0 32878.603515625
787.0 32807.77294921875
788.0 32683.9072265625
789.0 32995.692626953125
790.0 32464.627685546875
791.0 31671.919677734375
792.0 30486.896728515625
793.0 28489.033203125
794.0 27478.44140625
795.0 27177.84033203125
796.0 25570.741455078125
797.0 25136.232666015625
798.0 24232.630126953125
799.0 22721.243774414062
800.0 22468.6787109375
801.0 22499.221313476562
802.0 22997.988525390625
803.0 22810.40576171875
804.0 22222.092895507812
805.0 23017.450927734375
806.0 22999.149658203125
807.0 23215.0517578125
808.0 25537.434326171875
809.0 27686.751953125
810.0 28143.712890625
811.0 31211.543701171875
812.0 31096.340087890625
813.0 31021.069091796875
814.0 29745.346435546875
815.0 26467.510986328125
816.0 25296.541748046875
817.0 24443.4404296875
818.0 23808.845458984375
819.0 23299.68115234375
820.0 23637.35302734375
821.0 23803.312255859375
822.0 25047.777099609375
823.0 27061.146728515625
824.0 29831.97998046875
825.0 31838.006103515625
826.0 32603.273681640625
827.0 34113.07373046875
828.0 33898.867431640625
829.0 30060.781494140625
830.0 25966.92333984375
831.0 24705.41162109375
832.0 24274.81689453125
833.0 24762.406494140625
834.0 24660.259765625
835.0 25138.775146484375
836.0 25722.004638671875
837.0 25764.051513671875
838.0 25403.016845703125
839.0 25322.37060546875
840.0 24552.69384765625
841.0 24593.611328125
842.0 24403.23046875
843.0 23698.128173828125
844.0 23768.753173828125
845.0 24055.26904296875
846.0 25037.28369140625
847.0 25713.815185546875
848.0 25135.869873046875
849.0 25851.19921875
850.0 25581.189453125
851.0 25090.710693359375
852.0 23996.240478515625
853.0 23188.159912109375
854.0 22993.189697265625
855.0 22150.576538085938
856.0 22987.496337890625
857.0 23164.909423828125
858.0 23755.721435546875
859.0 24177.761962890625
860.0 24700.82958984375
861.0 24425.83544921875
862.0 25207.3251953125
863.0 25439.396240234375
864.0 25237.128173828125
865.0 24612.26708984375
866.0 24313.879638671875
867.0 24157.6259765625
868.0 23741.42919921875
869.0 22325.92431640625
870.0 21585.409423828125
871.0 21491.07958984375
872.0 21502.982299804688
873.0 22112.166748046875
874.0 21874.548095703125
875.0 22545.32177734375
876.0 22989.786376953125
877.0 22961.033569335938
878.0 22674.020751953125
879.0 23326.6455078125
880.0 22728.30615234375
881.0 23327.810302734375
882.0 23864.004150390625
883.0 23706.43701171875
884.0 23594.00830078125
885.0 23863.29150390625
886.0 24581.7470703125
887.0 24247.06298828125
888.0 25525.28076171875
889.0 26705.088623046875
890.0 25751.912109375
891.0 25428.856689453125
892.0 25621.1611328125
893.0 25852.329345703125
894.0 26991.76806640625
895.0 27404.18212890625
896.0 27759.0244140625
897.0 28218.09375
898.0 28794.49951171875
899.0 29812.021240234375
900.0 30020.428466796875
901.0 30604.771240234375
902.0 31304.57666015625
903.0 31903.2822265625
904.0 31513.859130859375
905.0 31292.450439453125
906.0 31133.927001953125
907.0 30914.707275390625
908.0 31145.243408203125
909.0 30035.86328125
910.0 30628.285888671875
911.0 30587.3173828125
912.0 31120.4521484375
913.0 30596.393310546875
914.0 30245.2587890625
915.0 30070.94189453125
916.0 29451.2783203125
917.0 29895.18505859375
918.0 29937.0927734375
919.0 29628.980712890625
920.0 29537.811767578125
921.0 29115.2236328125
922.0 29149.94091796875
923.0 28910.84326171875
924.0 28574.896484375
925.0 28481.445068359375
926.0 28386.166748046875
927.0 28204.9755859375
928.0 27523.05078125
929.0 27667.716796875
930.0 27641.98486328125
931.0 28510.48193359375
932.0 27453.763427734375
933.0 27318.318115234375
934.0 27353.490234375
935.0 27365.337158203125
936.0 28020.86279296875
937.0 27370.134033203125
938.0 26850.49267578125
939.0 26715.246826171875
940.0 27046.419677734375
941.0 26529.500732421875
942.0 26421.250244140625
943.0 25707.7392578125
944.0 25540.18408203125
945.0 25030.17529296875
946.0 24552.00341796875
947.0 24809.254638671875
948.0 24741.773681640625
949.0 24889.6484375
950.0 24811.029296875
951.0 24534.65380859375
952.0 23845.39697265625
953.0 23815.1298828125
954.0 23409.592529296875
955.0 22811.64404296875
956.0 23266.447509765625
957.0 22854.371826171875
958.0 22660.2490234375
959.0 22471.26220703125
960.0 22331.48828125
961.0 21911.548583984375
962.0 21669.920166015625
963.0 20893.114013671875
964.0 20343.212280273438
965.0 20500.270751953125
966.0 19457.659790039062
967.0 18780.758544921875
968.0 18750.549926757812
969.0 18020.837036132812
970.0 17734.879028320312
971.0 17243.605590820312
972.0 17561.314208984375
973.0 17089.837646484375
974.0 17092.9833984375
975.0 17291.000732421875
976.0 17130.729858398438
977.0 17338.572509765625
978.0 17668.7333984375
979.0 18000.662963867188
980.0 18367.0908203125
981.0 18403.256958007812
982.0 17809.933959960938
983.0 17927.522338867188
984.0 17158.380981445312
985.0 17173.05859375
986.0 16624.52587890625
987.0 16782.109619140625
988.0 16893.604736328125
989.0 16983.022338867188
990.0 16513.393432617188
991.0 16587.334228515625
992.0 16785.792602539062
993.0 16523.666381835938
994.0 16782.02490234375
995.0 16588.341674804688
996.0 16596.963623046875
997.0 16455.301513671875
998.0 17066.9375
999.0 17055.685913085938
1000.0 16865.833374023438
1001.0 16609.193359375
1002.0 17160.912353515625
1003.0 16948.325927734375
1004.0 16669.171875
1005.0 16771.63232421875
1006.0 16773.294311523438
1007.0 17237.210693359375
1008.0 17246.55419921875
1009.0 17179.278930664062
1010.0 17671.541381835938
1011.0 18727.202270507812
1012.0 19860.359130859375
1013.0 20721.985961914062
1014.0 22838.322998046875
1015.0 23844.136962890625
1016.0 23934.521240234375
1017.0 23697.48046875
1018.0 23215.663818359375
1019.0 22179.685913085938
1020.0 20202.4326171875
1021.0 18241.732055664062
1022.0 14870.632446289062
1023.0 9125.15087890625
