string
20201019_0_degree/TG_20201019_016-1back: 20201019_0_degree/dark/TG_20201019_068.tif integrated counts_backsubbed
px integrated counts
0.0 371.1786804199219
1.0 390.00225830078125
2.0 479.25946044921875
3.0 500.6563720703125
4.0 603.9915161132812
5.0 509.914794921875
6.0 370.17169189453125
7.0 353.53173828125
8.0 461.2742919921875
9.0 413.4181823730469
10.0 414.2053527832031
11.0 401.87078857421875
12.0 534.1773681640625
13.0 598.0767822265625
14.0 659.3872680664062
15.0 801.9825439453125
16.0 727.9267578125
17.0 669.9055786132812
18.0 723.0035400390625
19.0 732.9935913085938
20.0 628.859130859375
21.0 770.1256103515625
22.0 780.6710205078125
23.0 663.5830688476562
24.0 626.781982421875
25.0 653.747802734375
26.0 722.10107421875
27.0 630.03759765625
28.0 563.6956787109375
29.0 608.2958984375
30.0 583.347412109375
31.0 600.35205078125
32.0 647.0577392578125
33.0 630.3211669921875
34.0 577.3993530273438
35.0 541.56640625
36.0 624.278076171875
37.0 525.3084106445312
38.0 534.4269409179688
39.0 623.563720703125
40.0 787.3551025390625
41.0 784.6449584960938
42.0 808.1254272460938
43.0 697.3043212890625
44.0 664.1121826171875
45.0 789.8765869140625
46.0 849.4395141601562
47.0 829.5723266601562
48.0 833.6890869140625
49.0 871.12451171875
50.0 1041.7003173828125
51.0 734.9996337890625
52.0 898.2005615234375
53.0 1069.60107421875
54.0 1071.0704345703125
55.0 888.52197265625
56.0 839.0548095703125
57.0 957.0785522460938
58.0 880.7808837890625
59.0 957.3435668945312
60.0 1261.7196044921875
61.0 1868.3221435546875
62.0 1455.20703125
63.0 1331.025390625
64.0 1496.469970703125
65.0 1627.7349853515625
66.0 1397.3212890625
67.0 1489.896728515625
68.0 1234.417724609375
69.0 1312.10888671875
70.0 1607.711669921875
71.0 1349.1822509765625
72.0 1219.7353515625
73.0 895.7738037109375
74.0 648.333984375
75.0 833.3277587890625
76.0 857.2579956054688
77.0 826.150634765625
78.0 906.0162353515625
79.0 841.4814453125
80.0 933.513916015625
81.0 906.0599365234375
82.0 905.1411743164062
83.0 954.8800659179688
84.0 1084.43115234375
85.0 1105.251708984375
86.0 1253.035400390625
87.0 1479.4310302734375
88.0 1654.83984375
89.0 1776.5673828125
90.0 1586.4705810546875
91.0 1878.803955078125
92.0 2300.007568359375
93.0 2443.71875
94.0 2580.1103515625
95.0 2652.65869140625
96.0 2446.153564453125
97.0 2222.557861328125
98.0 2368.61083984375
99.0 2188.424560546875
100.0 2095.865234375
101.0 1982.1124267578125
102.0 1880.1376953125
103.0 1931.0380859375
104.0 1366.2694091796875
105.0 1079.5283203125
106.0 910.2615966796875
107.0 966.553955078125
108.0 1286.4532470703125
109.0 1314.84130859375
110.0 1387.787109375
111.0 1279.725830078125
112.0 1181.097900390625
113.0 1408.222900390625
114.0 1296.5848388671875
115.0 1079.224609375
116.0 875.2222290039062
117.0 1109.576416015625
118.0 1296.5264892578125
119.0 1292.2640380859375
120.0 1041.26513671875
121.0 1028.129150390625
122.0 1133.678955078125
123.0 1006.997314453125
124.0 929.07275390625
125.0 892.2018432617188
126.0 722.7049560546875
127.0 632.1786499023438
128.0 798.5407104492188
129.0 780.5050048828125
130.0 710.9376220703125
131.0 704.0923461914062
132.0 706.3759155273438
133.0 649.419677734375
134.0 660.9358520507812
135.0 619.740966796875
136.0 717.3358154296875
137.0 698.7740478515625
138.0 675.7928466796875
139.0 675.694091796875
140.0 601.501953125
141.0 552.0428466796875
142.0 752.7548828125
143.0 693.9087524414062
144.0 528.9253540039062
145.0 560.1832275390625
146.0 585.2589111328125
147.0 563.135009765625
148.0 780.3614501953125
149.0 712.37939453125
150.0 708.8258666992188
151.0 772.378662109375
152.0 762.8563232421875
153.0 814.318603515625
154.0 756.19091796875
155.0 751.5157470703125
156.0 743.727294921875
157.0 665.8189697265625
158.0 727.6732177734375
159.0 771.3311767578125
160.0 750.4547119140625
161.0 686.4190673828125
162.0 573.1563110351562
163.0 621.61279296875
164.0 741.1292724609375
165.0 686.3795166015625
166.0 651.1663208007812
167.0 417.9192199707031
168.0 589.3170166015625
169.0 513.9486694335938
170.0 663.463623046875
171.0 754.8740844726562
172.0 869.40283203125
173.0 697.5576171875
174.0 529.2431640625
175.0 733.7368774414062
176.0 798.8997192382812
177.0 601.5611572265625
178.0 646.777587890625
179.0 811.3179931640625
180.0 766.7890625
181.0 879.1243896484375
182.0 763.224609375
183.0 641.3081665039062
184.0 550.791015625
185.0 621.7288208007812
186.0 565.4063720703125
187.0 595.5689086914062
188.0 618.884521484375
189.0 567.421142578125
190.0 606.6075439453125
191.0 651.1014404296875
192.0 511.4953308105469
193.0 602.400634765625
194.0 499.6192321777344
195.0 664.6002197265625
196.0 750.977783203125
197.0 582.933837890625
198.0 471.34033203125
199.0 526.382080078125
200.0 561.278076171875
201.0 630.3720703125
202.0 635.82568359375
203.0 579.692138671875
204.0 510.3975830078125
205.0 542.7850341796875
206.0 538.594970703125
207.0 502.9833984375
208.0 474.8478088378906
209.0 552.4736328125
210.0 680.7591552734375
211.0 566.9406127929688
212.0 459.76287841796875
213.0 392.1711730957031
214.0 471.5204162597656
215.0 537.0096435546875
216.0 417.5941162109375
217.0 411.95318603515625
218.0 451.57354736328125
219.0 511.39013671875
220.0 622.0076904296875
221.0 590.543701171875
222.0 514.4828491210938
223.0 535.00830078125
224.0 829.5149536132812
225.0 1020.1734619140625
226.0 1281.0126953125
227.0 1660.7161865234375
228.0 2241.498046875
229.0 2806.40087890625
230.0 3926.859619140625
231.0 4566.8935546875
232.0 4405.9072265625
233.0 5092.953125
234.0 4990.02978515625
235.0 5050.12890625
236.0 4421.7958984375
237.0 3419.302490234375
238.0 3108.95654296875
239.0 3142.568115234375
240.0 2385.12109375
241.0 2220.833984375
242.0 2851.5830078125
243.0 3817.09375
244.0 5070.90087890625
245.0 7826.001953125
246.0 11251.384765625
247.0 13138.087890625
248.0 14833.0712890625
249.0 17380.48828125
250.0 17884.462890625
251.0 16939.00390625
252.0 15981.8681640625
253.0 14014.05859375
254.0 12809.71875
255.0 10120.435546875
256.0 8340.8974609375
257.0 7933.55419921875
258.0 8248.0810546875
259.0 7766.287109375
260.0 7828.556640625
261.0 6730.2822265625
262.0 5428.044921875
263.0 4627.41455078125
264.0 3646.191162109375
265.0 3113.507568359375
266.0 2398.806884765625
267.0 1899.4595947265625
268.0 1684.657470703125
269.0 1188.17041015625
270.0 949.9449462890625
271.0 1052.105712890625
272.0 1008.2590942382812
273.0 776.0985107421875
274.0 979.2979125976562
275.0 1145.697021484375
276.0 1370.701416015625
277.0 2056.832763671875
278.0 2148.53076171875
279.0 2159.43505859375
280.0 2229.28857421875
281.0 2032.87109375
282.0 1806.041259765625
283.0 1751.83203125
284.0 1481.637451171875
285.0 1467.4815673828125
286.0 1492.97021484375
287.0 1300.0302734375
288.0 1235.1478271484375
289.0 1475.1163330078125
290.0 1594.5987548828125
291.0 1429.1181640625
292.0 1425.624755859375
293.0 1421.89990234375
294.0 1280.3426513671875
295.0 1097.731689453125
296.0 902.8604736328125
297.0 946.1986083984375
298.0 987.5123291015625
299.0 956.17041015625
300.0 887.1661376953125
301.0 788.2988891601562
302.0 626.3367919921875
303.0 787.015625
304.0 774.8036499023438
305.0 740.29443359375
306.0 817.5736083984375
307.0 816.7398681640625
308.0 902.8978271484375
309.0 643.6752319335938
310.0 617.0484008789062
311.0 587.87548828125
312.0 726.1812133789062
313.0 692.2269287109375
314.0 761.119140625
315.0 797.1083374023438
316.0 676.3762817382812
317.0 765.609619140625
318.0 777.05029296875
319.0 799.0478515625
320.0 820.8663330078125
321.0 860.9486083984375
322.0 756.387451171875
323.0 784.977294921875
324.0 814.0777587890625
325.0 866.972900390625
326.0 890.7802734375
327.0 945.8568725585938
328.0 823.4183349609375
329.0 1131.5223388671875
330.0 1440.02197265625
331.0 730.8875732421875
332.0 972.9542236328125
333.0 785.5093994140625
334.0 821.435546875
335.0 1025.0810546875
336.0 905.0479736328125
337.0 842.6103515625
338.0 881.7532348632812
339.0 1287.17529296875
340.0 1417.8935546875
341.0 1022.999267578125
342.0 919.6439208984375
343.0 1371.801513671875
344.0 1337.0347900390625
345.0 1012.8110961914062
346.0 1039.361572265625
347.0 994.5404663085938
348.0 1177.280029296875
349.0 1264.6343994140625
350.0 1134.8533935546875
351.0 1057.6953125
352.0 1065.3944091796875
353.0 1515.458251953125
354.0 2194.85595703125
355.0 1093.4716796875
356.0 1157.408203125
357.0 1403.2076416015625
358.0 1451.048095703125
359.0 1351.8646240234375
360.0 1354.7974853515625
361.0 1482.8018798828125
362.0 1447.6824951171875
363.0 1648.884521484375
364.0 1621.4300537109375
365.0 1546.5040283203125
366.0 1744.988525390625
367.0 1720.366455078125
368.0 1665.8077392578125
369.0 1707.091064453125
370.0 1922.628662109375
371.0 1966.339111328125
372.0 2263.51806640625
373.0 2184.143798828125
374.0 2476.186279296875
375.0 2205.66552734375
376.0 2615.9638671875
377.0 2429.828369140625
378.0 2484.6240234375
379.0 2571.93017578125
380.0 2768.12841796875
381.0 3202.761474609375
382.0 3173.6787109375
383.0 3847.92724609375
384.0 4479.9423828125
385.0 4292.39111328125
386.0 5217.1455078125
387.0 5151.9912109375
388.0 5740.30712890625
389.0 6771.90380859375
390.0 7729.099609375
391.0 9889.486328125
392.0 10482.740234375
393.0 12952.1708984375
394.0 17460.345703125
395.0 21381.490234375
396.0 38558.25390625
397.0 59730.0078125
398.0 494180.25
399.0 2256485.5
400.0 3678871.25
401.0 4845755.5
402.0 4380530.0
403.0 5022618.5
404.0 4639779.0
405.0 5732147.0
406.0 3351710.0
407.0 1445396.5
408.0 88185.4140625
409.0 66653.5625
410.0 22381.17578125
411.0 21039.25390625
412.0 14650.615234375
413.0 11836.0361328125
414.0 9065.6494140625
415.0 6717.69970703125
416.0 6211.24755859375
417.0 4924.10986328125
418.0 4665.064453125
419.0 4265.904296875
420.0 3169.5927734375
421.0 3236.189453125
422.0 3258.95947265625
423.0 2683.35498046875
424.0 2860.586669921875
425.0 2556.931884765625
426.0 2144.254638671875
427.0 1706.6337890625
428.0 1461.73876953125
429.0 1608.82958984375
430.0 1457.1641845703125
431.0 1298.142822265625
432.0 1367.4844970703125
433.0 1507.4261474609375
434.0 1007.7410888671875
435.0 949.0081787109375
436.0 1032.573974609375
437.0 910.5406494140625
438.0 755.3660278320312
439.0 657.3778076171875
440.0 948.1060180664062
441.0 954.1136474609375
442.0 772.2770385742188
443.0 881.611572265625
444.0 1053.5655517578125
445.0 750.2757568359375
446.0 546.345947265625
447.0 651.3282470703125
448.0 614.32568359375
449.0 686.9781494140625
450.0 583.276611328125
451.0 386.7662658691406
452.0 365.9814147949219
453.0 438.9632873535156
454.0 424.8680114746094
455.0 1222.704833984375
456.0 1157.555908203125
457.0 341.92791748046875
458.0 544.1453857421875
459.0 669.2347412109375
460.0 352.8471374511719
461.0 281.8644104003906
462.0 325.90118408203125
463.0 402.05389404296875
464.0 384.1399230957031
465.0 340.73394775390625
466.0 222.59323120117188
467.0 451.2470397949219
468.0 376.81658935546875
469.0 345.4649353027344
470.0 232.63006591796875
471.0 354.9604187011719
472.0 379.20947265625
473.0 232.8214111328125
474.0 244.19869995117188
475.0 270.569091796875
476.0 305.8330383300781
477.0 297.63214111328125
478.0 247.01089477539062
479.0 253.70126342773438
480.0 179.6317138671875
481.0 264.4435729980469
482.0 304.65618896484375
483.0 265.7315673828125
484.0 373.0840759277344
485.0 187.82003784179688
486.0 303.76611328125
487.0 1473.0455322265625
488.0 338.79156494140625
489.0 276.7196350097656
490.0 44.535308837890625
491.0 120.82699584960938
492.0 165.2896728515625
493.0 188.47146606445312
494.0 256.0565490722656
495.0 313.8944091796875
496.0 263.3003845214844
497.0 350.8243713378906
498.0 325.6405029296875
499.0 298.6885681152344
500.0 357.2383117675781
501.0 299.4254455566406
502.0 256.8179626464844
503.0 265.4266662597656
504.0 471.5013732910156
505.0 679.5584716796875
506.0 397.43194580078125
507.0 640.8207397460938
508.0 512.5994873046875
509.0 683.5927734375
510.0 823.8916015625
511.0 815.0029907226562
512.0 655.4351196289062
513.0 699.766845703125
514.0 996.9349975585938
515.0 1164.656005859375
516.0 1089.258056640625
517.0 799.6694946289062
518.0 716.3427734375
519.0 1097.238037109375
520.0 1105.416259765625
521.0 1169.50830078125
522.0 1368.6949462890625
523.0 1415.9287109375
524.0 2176.567138671875
525.0 1820.8311767578125
526.0 1866.6517333984375
527.0 1537.2203369140625
528.0 1658.487548828125
529.0 1514.6947021484375
530.0 1373.3577880859375
531.0 973.4168701171875
532.0 603.340087890625
533.0 532.2245483398438
534.0 786.09375
535.0 1160.534423828125
536.0 989.0574951171875
537.0 1033.1964111328125
538.0 1095.8037109375
539.0 1907.0155029296875
540.0 2770.258056640625
541.0 3789.3720703125
542.0 4393.3056640625
543.0 4878.1728515625
544.0 6496.33984375
545.0 6976.583984375
546.0 7564.13427734375
547.0 8239.2880859375
548.0 7761.537109375
549.0 8422.9990234375
550.0 9950.646484375
551.0 10968.5048828125
552.0 13934.2314453125
553.0 15193.453125
554.0 15071.4765625
555.0 16308.490234375
556.0 17206.595703125
557.0 16212.0908203125
558.0 13229.1064453125
559.0 11391.203125
560.0 8217.61328125
561.0 6161.26220703125
562.0 4406.88525390625
563.0 3003.6826171875
564.0 2522.264404296875
565.0 1769.3792724609375
566.0 2027.9727783203125
567.0 2719.706787109375
568.0 2858.67431640625
569.0 3533.096923828125
570.0 4618.49365234375
571.0 5316.48779296875
572.0 5246.60595703125
573.0 4664.296875
574.0 4034.5224609375
575.0 4392.1728515625
576.0 3130.7939453125
577.0 2154.163330078125
578.0 1597.7117919921875
579.0 1344.80615234375
580.0 963.4267578125
581.0 539.789794921875
582.0 350.36761474609375
583.0 472.1246643066406
584.0 397.99774169921875
585.0 373.3541259765625
586.0 302.14483642578125
587.0 225.03256225585938
588.0 272.5840759277344
589.0 350.46795654296875
590.0 291.4339599609375
591.0 232.05059814453125
592.0 274.5820007324219
593.0 187.01797485351562
594.0 250.421142578125
595.0 212.9990234375
596.0 276.6362609863281
597.0 292.6273193359375
598.0 292.1515197753906
599.0 204.39031982421875
600.0 329.3345947265625
601.0 545.7763061523438
602.0 690.010498046875
603.0 151.02784729003906
604.0 308.6492614746094
605.0 282.20404052734375
606.0 239.53103637695312
607.0 486.0235900878906
608.0 489.94793701171875
609.0 400.83587646484375
610.0 339.0264892578125
611.0 291.1622314453125
612.0 348.40155029296875
613.0 269.4892883300781
614.0 448.9840087890625
615.0 605.9439697265625
616.0 332.3624267578125
617.0 467.2344970703125
618.0 475.001220703125
619.0 364.14813232421875
620.0 427.56903076171875
621.0 380.7166442871094
622.0 311.4278259277344
623.0 316.1397705078125
624.0 265.9853210449219
625.0 622.158447265625
626.0 573.3475341796875
627.0 537.97607421875
628.0 326.0238952636719
629.0 289.5089416503906
630.0 269.10302734375
631.0 400.15869140625
632.0 561.5445556640625
633.0 548.4666748046875
634.0 354.3311767578125
635.0 491.851318359375
636.0 504.76318359375
637.0 515.907470703125
638.0 393.21990966796875
639.0 269.37249755859375
640.0 447.16253662109375
641.0 494.6523132324219
642.0 538.2772216796875
643.0 558.743408203125
644.0 480.6346435546875
645.0 482.4430847167969
646.0 632.603271484375
647.0 638.5430297851562
648.0 479.6429443359375
649.0 591.286865234375
650.0 686.415283203125
651.0 512.07763671875
652.0 468.2599182128906
653.0 521.6749267578125
654.0 370.8118896484375
655.0 575.8095703125
656.0 495.264892578125
657.0 486.4766540527344
658.0 471.66192626953125
659.0 471.8455505371094
660.0 467.69525146484375
661.0 452.9779052734375
662.0 453.4509582519531
663.0 497.845458984375
664.0 410.6233215332031
665.0 445.13397216796875
666.0 401.1923828125
667.0 511.17706298828125
668.0 541.296630859375
669.0 369.11981201171875
670.0 457.3478698730469
671.0 612.68212890625
672.0 523.1019287109375
673.0 472.1141357421875
674.0 614.313720703125
675.0 544.4470825195312
676.0 628.167724609375
677.0 800.22998046875
678.0 644.1016845703125
679.0 464.28472900390625
680.0 691.126708984375
681.0 727.6212158203125
682.0 790.148681640625
683.0 950.9249877929688
684.0 939.7308959960938
685.0 1024.45166015625
686.0 891.86376953125
687.0 1195.0823974609375
688.0 904.1425170898438
689.0 855.1433715820312
690.0 906.6286010742188
691.0 1099.0401611328125
692.0 1235.2152099609375
693.0 980.7737426757812
694.0 1047.9415283203125
695.0 1321.663818359375
696.0 1114.15576171875
697.0 814.9923095703125
698.0 1021.811279296875
699.0 942.4327392578125
700.0 1055.47021484375
701.0 955.1251220703125
702.0 1115.23095703125
703.0 1439.19384765625
704.0 1657.4091796875
705.0 1778.107177734375
706.0 1992.4521484375
707.0 2573.5380859375
708.0 2681.167724609375
709.0 1904.959228515625
710.0 1942.53173828125
711.0 2276.3095703125
712.0 1965.1142578125
713.0 2105.304443359375
714.0 2020.1571044921875
715.0 1924.6005859375
716.0 1767.3448486328125
717.0 1917.9346923828125
718.0 1679.221923828125
719.0 1282.47802734375
720.0 889.2742919921875
721.0 902.6832275390625
722.0 919.8002319335938
723.0 813.6903076171875
724.0 851.1446533203125
725.0 954.652099609375
726.0 825.5474853515625
727.0 741.951171875
728.0 771.322998046875
729.0 700.0159912109375
730.0 692.5128173828125
731.0 660.1597900390625
732.0 718.8404541015625
733.0 1043.4573974609375
734.0 1164.105712890625
735.0 1003.6416015625
736.0 1261.239501953125
737.0 1337.068603515625
738.0 1354.749755859375
739.0 1290.845703125
740.0 1278.15185546875
741.0 1128.005615234375
742.0 1183.984130859375
743.0 1288.13720703125
744.0 1234.5194091796875
745.0 1258.06640625
746.0 897.27978515625
747.0 769.2330322265625
748.0 846.7470703125
749.0 822.49853515625
750.0 920.1063232421875
751.0 779.0995483398438
752.0 709.7861328125
753.0 861.2728271484375
754.0 852.07763671875
755.0 771.2339477539062
756.0 797.8853759765625
757.0 788.662353515625
758.0 739.288818359375
759.0 794.179931640625
760.0 770.6351928710938
761.0 560.1654052734375
762.0 619.3489990234375
763.0 641.299072265625
764.0 683.8882446289062
765.0 559.0472412109375
766.0 299.3647155761719
767.0 338.312255859375
768.0 545.357666015625
769.0 539.2327270507812
770.0 525.1466064453125
771.0 540.93505859375
772.0 409.6422119140625
773.0 558.6322021484375
774.0 464.2992248535156
775.0 485.28204345703125
776.0 501.58319091796875
777.0 463.759765625
778.0 472.1902770996094
779.0 585.9501953125
780.0 680.915283203125
781.0 683.6430053710938
782.0 593.1422119140625
783.0 667.46630859375
784.0 683.2294921875
785.0 560.55517578125
786.0 602.995361328125
787.0 659.3531494140625
788.0 715.519775390625
789.0 693.3270874023438
790.0 479.6905822753906
791.0 434.37890625
792.0 513.4571533203125
793.0 539.116455078125
794.0 439.80859375
795.0 417.77264404296875
796.0 302.16357421875
797.0 325.44000244140625
798.0 323.7243347167969
799.0 299.5025939941406
800.0 373.72039794921875
801.0 296.0307312011719
802.0 423.072021484375
803.0 438.61065673828125
804.0 416.4800109863281
805.0 452.0160217285156
806.0 539.7005004882812
807.0 419.3327331542969
808.0 383.8931884765625
809.0 232.11691284179688
810.0 282.6873779296875
811.0 242.53292846679688
812.0 179.90133666992188
813.0 320.8882141113281
814.0 221.35650634765625
815.0 218.32452392578125
816.0 128.43096923828125
817.0 171.2696533203125
818.0 245.9283447265625
819.0 186.32489013671875
820.0 187.6409912109375
821.0 205.44305419921875
822.0 272.52490234375
823.0 221.55572509765625
824.0 246.58551025390625
825.0 245.92596435546875
826.0 278.9870910644531
827.0 295.326904296875
828.0 239.57940673828125
829.0 253.35165405273438
830.0 214.09390258789062
831.0 240.07302856445312
832.0 204.47341918945312
833.0 219.4671630859375
834.0 211.5919189453125
835.0 234.63674926757812
836.0 259.8230285644531
837.0 241.62271118164062
838.0 303.8297424316406
839.0 290.9901428222656
840.0 320.69036865234375
841.0 364.02618408203125
842.0 378.00775146484375
843.0 375.10736083984375
844.0 318.18951416015625
845.0 376.015869140625
846.0 262.0261535644531
847.0 344.90057373046875
848.0 253.75531005859375
849.0 189.69943237304688
850.0 225.31112670898438
851.0 175.06533813476562
852.0 249.23526000976562
853.0 262.514404296875
854.0 359.578369140625
855.0 275.13739013671875
856.0 249.88482666015625
857.0 279.9228820800781
858.0 207.70401000976562
859.0 228.22537231445312
860.0 273.60498046875
861.0 224.5621337890625
862.0 272.69671630859375
863.0 162.638427734375
864.0 278.8118591308594
865.0 249.22634887695312
866.0 256.65643310546875
867.0 227.73208618164062
868.0 176.64517211914062
869.0 268.6252136230469
870.0 237.33856201171875
871.0 212.93051147460938
872.0 218.992431640625
873.0 241.56182861328125
874.0 201.17767333984375
875.0 184.28076171875
876.0 209.92605590820312
877.0 231.78775024414062
878.0 194.26348876953125
879.0 176.95187377929688
880.0 119.87033081054688
881.0 228.73245239257812
882.0 180.88235473632812
883.0 148.83029174804688
884.0 204.894775390625
885.0 238.33432006835938
886.0 130.37203979492188
887.0 139.52130126953125
888.0 137.74560546875
889.0 203.2811279296875
890.0 149.00027465820312
891.0 169.89285278320312
892.0 256.6198425292969
893.0 198.08590698242188
894.0 165.28939819335938
895.0 153.12518310546875
896.0 132.83737182617188
897.0 77.571044921875
898.0 160.61419677734375
899.0 136.26052856445312
900.0 182.3233642578125
901.0 155.52377319335938
902.0 157.50106811523438
903.0 175.51907348632812
904.0 150.43377685546875
905.0 219.842041015625
906.0 207.21578979492188
907.0 153.77017211914062
908.0 184.28390502929688
909.0 169.14932250976562
910.0 280.59521484375
911.0 161.11016845703125
912.0 96.11001586914062
913.0 187.77777099609375
914.0 195.02499389648438
915.0 206.51461791992188
916.0 156.744140625
917.0 160.57223510742188
918.0 138.47763061523438
919.0 91.0806884765625
920.0 102.68118286132812
921.0 156.18667602539062
922.0 186.7222900390625
923.0 156.05758666992188
924.0 131.9954833984375
925.0 261.4500732421875
926.0 216.02749633789062
927.0 156.39724731445312
928.0 164.00189208984375
929.0 225.39437866210938
930.0 171.23773193359375
931.0 117.96224975585938
932.0 82.9630126953125
933.0 203.6514892578125
934.0 198.14010620117188
935.0 143.65634155273438
936.0 182.543212890625
937.0 222.59527587890625
938.0 175.82183837890625
939.0 99.20016479492188
940.0 161.41012573242188
941.0 91.96389770507812
942.0 177.74978637695312
943.0 208.84988403320312
944.0 148.08224487304688
945.0 148.406494140625
946.0 138.38775634765625
947.0 154.0423583984375
948.0 161.687744140625
949.0 164.16802978515625
950.0 120.6278076171875
951.0 145.8385009765625
952.0 211.70843505859375
953.0 163.41888427734375
954.0 142.50827026367188
955.0 61.69189453125
956.0 252.10372924804688
957.0 148.32330322265625
958.0 89.56747436523438
959.0 165.81332397460938
960.0 155.75692749023438
961.0 195.05923461914062
962.0 152.4378662109375
963.0 132.92105102539062
964.0 107.7149658203125
965.0 102.50112915039062
966.0 118.96597290039062
967.0 191.47122192382812
968.0 143.82568359375
969.0 218.97003173828125
970.0 169.67776489257812
971.0 66.30303955078125
972.0 262.3456115722656
973.0 204.34417724609375
974.0 222.16583251953125
975.0 377.66729736328125
976.0 313.4760437011719
977.0 344.5138854980469
978.0 372.5404357910156
979.0 273.6560974121094
980.0 353.5939025878906
981.0 350.185302734375
982.0 350.63226318359375
983.0 364.8854064941406
984.0 398.39068603515625
985.0 418.0888977050781
986.0 436.272216796875
987.0 435.1267395019531
988.0 401.89337158203125
989.0 320.04449462890625
990.0 388.7725830078125
991.0 432.89892578125
992.0 389.03533935546875
993.0 385.0503845214844
994.0 425.2974548339844
995.0 420.3570251464844
996.0 345.01031494140625
997.0 260.4688720703125
998.0 327.48651123046875
999.0 344.3858642578125
1000.0 322.5644226074219
1001.0 399.0516052246094
1002.0 452.1981201171875
1003.0 314.1940002441406
1004.0 388.371337890625
1005.0 414.3154602050781
1006.0 356.93756103515625
1007.0 308.0664367675781
1008.0 337.2869873046875
1009.0 390.01068115234375
1010.0 407.5885314941406
1011.0 402.237060546875
1012.0 406.7117004394531
1013.0 392.6551818847656
1014.0 330.0665588378906
1015.0 366.8770446777344
1016.0 235.69741821289062
1017.0 175.78408813476562
1018.0 279.80230712890625
1019.0 361.02960205078125
1020.0 322.205078125
1021.0 357.140869140625
1022.0 251.08645629882812
1023.0 40.015655517578125
