string
20201020_p3_degree/TG_20201020_047back: 20201020_p3_degree/dark/TG_20201020_089.tif integrated counts_backsubbed
px integrated counts
0.0 56615.63037109375
1.0 86500.38134765625
2.0 110174.25390625
3.0 111740.4755859375
4.0 110946.28515625
5.0 110944.9873046875
6.0 113698.30859375
7.0 113428.857421875
8.0 112883.6123046875
9.0 113676.345703125
10.0 114522.68359375
11.0 115736.01171875
12.0 114801.08984375
13.0 116002.59765625
14.0 115284.4384765625
15.0 115088.0771484375
16.0 116277.72265625
17.0 116633.748046875
18.0 115773.642578125
19.0 116343.2841796875
20.0 116605.380859375
21.0 115335.7294921875
22.0 114797.0400390625
23.0 115002.625
24.0 112390.1513671875
25.0 113901.625
26.0 116047.9775390625
27.0 117678.3994140625
28.0 118222.95703125
29.0 119017.3818359375
30.0 119954.3642578125
31.0 122537.611328125
32.0 123652.234375
33.0 122895.6416015625
34.0 124576.0712890625
35.0 125469.1142578125
36.0 128214.0185546875
37.0 126559.2109375
38.0 125312.453125
39.0 122528.9453125
40.0 121058.900390625
41.0 122537.126953125
42.0 119784.96875
43.0 117891.5107421875
44.0 117170.9892578125
45.0 116885.03125
46.0 117131.2529296875
47.0 116082.3994140625
48.0 115104.20703125
49.0 116054.818359375
50.0 114029.662109375
51.0 115141.6923828125
52.0 116778.5126953125
53.0 116662.5751953125
54.0 116555.625
55.0 116016.7265625
56.0 117230.73828125
57.0 117724.521484375
58.0 117612.314453125
59.0 119273.5078125
60.0 120740.72265625
61.0 121402.12109375
62.0 122441.580078125
63.0 123305.0302734375
64.0 123268.8759765625
65.0 123508.49609375
66.0 128411.8095703125
67.0 134721.96484375
68.0 137719.529296875
69.0 139502.0361328125
70.0 144180.8759765625
71.0 147713.216796875
72.0 148835.13671875
73.0 147561.58984375
74.0 145131.3916015625
75.0 146231.83984375
76.0 150735.73046875
77.0 153363.4853515625
78.0 155073.884765625
79.0 157007.2890625
80.0 156372.5458984375
81.0 156021.275390625
82.0 154173.0634765625
83.0 150127.3359375
84.0 144159.5986328125
85.0 140469.5078125
86.0 145562.87890625
87.0 158393.751953125
88.0 174386.900390625
89.0 186288.087890625
90.0 199713.9296875
91.0 212064.958984375
92.0 224023.126953125
93.0 239706.86328125
94.0 234247.029296875
95.0 227508.30859375
96.0 225978.296875
97.0 224715.1484375
98.0 220114.3515625
99.0 214744.5546875
100.0 199058.39453125
101.0 185476.966796875
102.0 175925.7177734375
103.0 163726.3681640625
104.0 151327.1142578125
105.0 138831.9521484375
106.0 130545.802734375
107.0 125804.4384765625
108.0 122170.8349609375
109.0 121140.5419921875
110.0 117733.8251953125
111.0 117637.521484375
112.0 116082.6572265625
113.0 116024.3056640625
114.0 114591.0537109375
115.0 112352.580078125
116.0 111869.3330078125
117.0 112613.71875
118.0 117625.5078125
119.0 127025.3388671875
120.0 130860.0458984375
121.0 133672.6337890625
122.0 137204.048828125
123.0 136347.22265625
124.0 139088.0771484375
125.0 142432.5419921875
126.0 146767.8818359375
127.0 144556.9619140625
128.0 144479.884765625
129.0 146225.5869140625
130.0 143199.4404296875
131.0 139871.19140625
132.0 131119.7294921875
133.0 123735.888671875
134.0 121061.0439453125
135.0 119115.423828125
136.0 119205.32421875
137.0 121541.107421875
138.0 121048.16015625
139.0 117111.849609375
140.0 114834.9267578125
141.0 115009.87890625
142.0 112307.8837890625
143.0 112389.8173828125
144.0 114124.927734375
145.0 114294.1962890625
146.0 114026.3046875
147.0 113469.3955078125
148.0 111240.58203125
149.0 110438.853515625
150.0 108358.857421875
151.0 104762.53125
152.0 103366.642578125
153.0 101176.6396484375
154.0 102055.78515625
155.0 102363.9912109375
156.0 103405.7177734375
157.0 103980.9296875
158.0 104344.7294921875
159.0 104179.2685546875
160.0 105215.64453125
161.0 106084.318359375
162.0 106509.7822265625
163.0 106710.4521484375
164.0 106968.01171875
165.0 110174.0576171875
166.0 113698.5888671875
167.0 113296.8818359375
168.0 112858.3828125
169.0 113066.732421875
170.0 114269.6982421875
171.0 114212.75
172.0 113358.5302734375
173.0 114272.4521484375
174.0 115693.169921875
175.0 114974.4541015625
176.0 114652.02734375
177.0 112444.13671875
178.0 110500.7470703125
179.0 110362.15625
180.0 107805.333984375
181.0 104214.7685546875
182.0 102536.3701171875
183.0 102036.7744140625
184.0 103883.484375
185.0 104765.375
186.0 105220.978515625
187.0 107497.224609375
188.0 107506.0234375
189.0 109059.3662109375
190.0 110565.126953125
191.0 110496.06640625
192.0 110999.2958984375
193.0 109688.15234375
194.0 107481.8818359375
195.0 105844.0849609375
196.0 104185.3583984375
197.0 102541.2705078125
198.0 101333.736328125
199.0 100522.2470703125
200.0 99248.7802734375
201.0 99706.4873046875
202.0 100868.9326171875
203.0 100555.1748046875
204.0 99957.048828125
205.0 100607.013671875
206.0 100800.783203125
207.0 101509.0205078125
208.0 102031.525390625
209.0 103006.55859375
210.0 104690.712890625
211.0 105242.310546875
212.0 104757.3515625
213.0 105088.9541015625
214.0 104026.4384765625
215.0 104427.2314453125
216.0 104464.7333984375
217.0 104747.2626953125
218.0 104260.349609375
219.0 105035.9150390625
220.0 104785.9541015625
221.0 104095.046875
222.0 104376.919921875
223.0 105098.6240234375
224.0 104891.125
225.0 105294.05078125
226.0 108024.966796875
227.0 113010.8701171875
228.0 114942.66015625
229.0 115448.572265625
230.0 115915.3740234375
231.0 115483.865234375
232.0 113959.396484375
233.0 112352.8994140625
234.0 108993.408203125
235.0 107041.689453125
236.0 106157.5703125
237.0 105454.4248046875
238.0 106902.8525390625
239.0 107028.9755859375
240.0 105946.5537109375
241.0 107081.720703125
242.0 107065.7763671875
243.0 107629.1611328125
244.0 107556.45703125
245.0 106586.8115234375
246.0 107582.5927734375
247.0 107253.6826171875
248.0 108259.419921875
249.0 107462.265625
250.0 107871.279296875
251.0 108288.818359375
252.0 108003.6357421875
253.0 108073.1416015625
254.0 108775.4482421875
255.0 108655.53515625
256.0 108708.8837890625
257.0 108922.61328125
258.0 108164.501953125
259.0 107860.0634765625
260.0 107859.78515625
261.0 107181.4248046875
262.0 106776.7109375
263.0 105819.546875
264.0 104302.513671875
265.0 103277.58203125
266.0 103792.6943359375
267.0 104244.201171875
268.0 103964.748046875
269.0 104177.8564453125
270.0 104011.5888671875
271.0 105261.970703125
272.0 105892.5537109375
273.0 105912.1484375
274.0 105892.3017578125
275.0 106403.77734375
276.0 106482.10546875
277.0 106170.0224609375
278.0 105282.0966796875
279.0 105657.58984375
280.0 107530.9560546875
281.0 106524.9814453125
282.0 107440.82421875
283.0 108413.41015625
284.0 107771.16796875
285.0 107657.1591796875
286.0 108503.0703125
287.0 108651.822265625
288.0 109824.57421875
289.0 110689.9453125
290.0 112000.2001953125
291.0 113909.1796875
292.0 114785.826171875
293.0 115534.3076171875
294.0 114552.1748046875
295.0 116021.9345703125
296.0 116303.7705078125
297.0 115772.0234375
298.0 115842.478515625
299.0 116207.2666015625
300.0 116822.45703125
301.0 116572.5830078125
302.0 116803.66015625
303.0 116802.794921875
304.0 117727.865234375
305.0 117153.6552734375
306.0 117239.0537109375
307.0 115749.8935546875
308.0 114741.388671875
309.0 113953.9541015625
310.0 114766.6064453125
311.0 117496.396484375
312.0 119101.7939453125
313.0 121933.4169921875
314.0 121933.380859375
315.0 122368.38671875
316.0 122760.083984375
317.0 123415.822265625
318.0 124266.7685546875
319.0 125595.9189453125
320.0 127753.779296875
321.0 127065.34765625
322.0 127451.4130859375
323.0 128114.65625
324.0 129890.0703125
325.0 128596.6435546875
326.0 126627.9189453125
327.0 122591.7841796875
328.0 123330.1875
329.0 123986.708984375
330.0 125323.4658203125
331.0 124740.181640625
332.0 125196.2626953125
333.0 124512.734375
334.0 124809.708984375
335.0 124705.5322265625
336.0 124937.859375
337.0 124963.22265625
338.0 124215.31640625
339.0 124970.5517578125
340.0 125683.7685546875
341.0 126164.3564453125
342.0 125695.23046875
343.0 124484.21875
344.0 124037.375
345.0 124154.75
346.0 122804.00390625
347.0 122065.6865234375
348.0 123212.4931640625
349.0 123183.39453125
350.0 124584.908203125
351.0 125741.41015625
352.0 125996.57421875
353.0 126335.59375
354.0 126993.2041015625
355.0 128265.0
356.0 128405.3310546875
357.0 130656.05078125
358.0 131233.3486328125
359.0 132240.4052734375
360.0 132518.361328125
361.0 133884.349609375
362.0 133104.0703125
363.0 134555.5625
364.0 133518.083984375
365.0 134145.619140625
366.0 135160.4541015625
367.0 135972.251953125
368.0 134680.80078125
369.0 135023.6962890625
370.0 135667.625
371.0 136223.2275390625
372.0 135420.380859375
373.0 134256.015625
374.0 135305.265625
375.0 134999.802734375
376.0 134660.4189453125
377.0 135066.7890625
378.0 135644.0810546875
379.0 136042.4853515625
380.0 135413.0908203125
381.0 136100.259765625
382.0 134946.44140625
383.0 134743.1962890625
384.0 135317.9775390625
385.0 136673.123046875
386.0 137224.22265625
387.0 137927.8740234375
388.0 139460.7763671875
389.0 140753.6708984375
390.0 141163.4951171875
391.0 140861.53125
392.0 139687.5283203125
393.0 139984.2353515625
394.0 140192.1923828125
395.0 139777.53515625
396.0 141104.984375
397.0 142647.4619140625
398.0 142153.9248046875
399.0 141847.12109375
400.0 141899.134765625
401.0 143444.8603515625
402.0 144240.9951171875
403.0 143932.361328125
404.0 142385.2724609375
405.0 141989.4462890625
406.0 143016.736328125
407.0 143172.8828125
408.0 143643.89453125
409.0 144883.544921875
410.0 146712.56640625
411.0 147307.3427734375
412.0 149734.0078125
413.0 155669.5185546875
414.0 163409.5595703125
415.0 168487.72265625
416.0 171013.083984375
417.0 171354.318359375
418.0 170284.814453125
419.0 167704.751953125
420.0 163022.134765625
421.0 156934.4794921875
422.0 150517.9140625
423.0 148760.2861328125
424.0 147674.9462890625
425.0 146728.896484375
426.0 145920.216796875
427.0 146679.521484375
428.0 147703.5244140625
429.0 147990.955078125
430.0 146708.44921875
431.0 146171.07421875
432.0 147557.4482421875
433.0 149570.8408203125
434.0 151832.7431640625
435.0 152065.7626953125
436.0 153328.087890625
437.0 154672.8017578125
438.0 153890.99609375
439.0 155046.6337890625
440.0 155413.8505859375
441.0 156356.5029296875
442.0 160343.38671875
443.0 165099.5498046875
444.0 168907.302734375
445.0 171815.0576171875
446.0 173223.3876953125
447.0 171500.0078125
448.0 170131.1875
449.0 168719.6982421875
450.0 166993.0546875
451.0 162853.9169921875
452.0 162748.0712890625
453.0 163563.2568359375
454.0 164621.080078125
455.0 164532.7275390625
456.0 164093.650390625
457.0 163753.6787109375
458.0 163171.0927734375
459.0 161335.5341796875
460.0 160755.5771484375
461.0 159852.7158203125
462.0 159811.951171875
463.0 160817.12890625
464.0 162669.205078125
465.0 166252.0107421875
466.0 168990.9892578125
467.0 169371.515625
468.0 170343.458984375
469.0 172886.2236328125
470.0 172380.8662109375
471.0 172125.7099609375
472.0 171475.861328125
473.0 171990.7451171875
474.0 174092.16015625
475.0 176515.837890625
476.0 177011.408203125
477.0 179791.552734375
478.0 181518.224609375
479.0 183373.4765625
480.0 184615.1484375
481.0 185518.28515625
482.0 186426.587890625
483.0 187390.291015625
484.0 187189.759765625
485.0 188334.2578125
486.0 188823.919921875
487.0 194693.548828125
488.0 198034.486328125
489.0 200079.494140625
490.0 203268.685546875
491.0 206100.275390625
492.0 207731.109375
493.0 206739.80078125
494.0 205022.80078125
495.0 204292.97265625
496.0 204901.181640625
497.0 205369.943359375
498.0 205414.65625
499.0 207183.376953125
500.0 209736.0078125
501.0 212718.140625
502.0 214198.95703125
503.0 214352.06640625
504.0 213734.67578125
505.0 214413.244140625
506.0 214085.642578125
507.0 214910.099609375
508.0 214767.11328125
509.0 216022.599609375
510.0 216579.34765625
511.0 217731.48828125
512.0 218617.12890625
513.0 219732.07421875
514.0 220915.177734375
515.0 223674.90234375
516.0 226156.453125
517.0 228120.283203125
518.0 227400.36328125
519.0 229089.30859375
520.0 229466.52734375
521.0 229969.080078125
522.0 230540.84375
523.0 231316.56640625
524.0 233201.177734375
525.0 233460.576171875
526.0 235145.53515625
527.0 235065.42578125
528.0 238827.291015625
529.0 239483.140625
530.0 241564.12109375
531.0 242845.228515625
532.0 246367.08984375
533.0 249709.01953125
534.0 249939.4609375
535.0 249660.755859375
536.0 250003.166015625
537.0 250432.30078125
538.0 249092.9765625
539.0 245924.916015625
540.0 248346.384765625
541.0 250413.359375
542.0 249229.3671875
543.0 251544.9296875
544.0 252557.541015625
545.0 252996.7890625
546.0 254825.58984375
547.0 254724.662109375
548.0 255076.400390625
549.0 256104.28515625
550.0 256645.283203125
551.0 258466.775390625
552.0 258169.40625
553.0 258702.986328125
554.0 259815.181640625
555.0 261985.97265625
556.0 262045.87890625
557.0 263647.146484375
558.0 266436.078125
559.0 270369.47265625
560.0 272032.30859375
561.0 275182.490234375
562.0 276412.78515625
563.0 281525.3359375
564.0 285184.900390625
565.0 287075.228515625
566.0 289816.34765625
567.0 294657.505859375
568.0 300292.3046875
569.0 303455.34375
570.0 307546.880859375
571.0 314868.79296875
572.0 324138.07421875
573.0 334959.779296875
574.0 343033.685546875
575.0 353742.9453125
576.0 365162.623046875
577.0 377782.5625
578.0 391603.2109375
579.0 405882.26171875
580.0 419118.84765625
581.0 434628.11328125
582.0 446173.0703125
583.0 458679.81640625
584.0 472284.6171875
585.0 486876.15625
586.0 511184.98828125
587.0 538526.8828125
588.0 567470.76953125
589.0 588766.48046875
590.0 605914.83203125
591.0 627182.11328125
592.0 641914.3984375
593.0 651159.109375
594.0 662994.98046875
595.0 680593.125
596.0 711030.9140625
597.0 742459.359375
598.0 769167.15625
599.0 791336.1875
600.0 814580.7890625
601.0 834224.53125
602.0 848645.53125
603.0 859956.0546875
604.0 890720.8671875
605.0 930323.109375
606.0 962461.8359375
607.0 999421.203125
608.0 1024897.0546875
609.0 1045640.7890625
610.0 1054814.6171875
611.0 1059273.375
612.0 1060130.2890625
613.0 1060930.9140625
614.0 1065068.1875
615.0 1069699.5390625
616.0 1074024.6015625
617.0 1077666.8359375
618.0 1080786.4921875
619.0 1087318.7578125
620.0 1099341.6171875
621.0 1103826.1171875
622.0 1106570.3046875
623.0 1104964.6171875
624.0 1094940.7578125
625.0 1087237.359375
626.0 1078219.4609375
627.0 1062618.234375
628.0 1055986.390625
629.0 1057063.828125
630.0 1045437.84375
631.0 1029142.140625
632.0 1010701.671875
633.0 998554.5078125
634.0 994282.8984375
635.0 990970.625
636.0 989098.5390625
637.0 989563.0390625
638.0 990982.2109375
639.0 996766.34375
640.0 1003098.671875
641.0 1007076.890625
642.0 1015750.84375
643.0 1024777.0078125
644.0 1039188.796875
645.0 1059383.1015625
646.0 1078586.984375
647.0 1098590.5703125
648.0 1118759.453125
649.0 1153885.7421875
650.0 1199953.3359375
651.0 1252627.8671875
652.0 1298459.828125
653.0 1340687.03125
654.0 1382317.9609375
655.0 1411234.515625
656.0 1426464.6171875
657.0 1434244.609375
658.0 1434462.421875
659.0 1439246.7890625
660.0 1455904.03125
661.0 1466244.984375
662.0 1491221.71875
663.0 1526644.96875
664.0 1576389.015625
665.0 1620347.578125
666.0 1664514.84375
667.0 1697475.140625
668.0 1719036.578125
669.0 1734327.578125
670.0 1730767.53125
671.0 1721379.796875
672.0 1706876.953125
673.0 1703317.828125
674.0 1701102.265625
675.0 1696019.71875
676.0 1689306.546875
677.0 1680674.921875
678.0 1665873.234375
679.0 1649412.984375
680.0 1630376.34375
681.0 1601389.5625
682.0 1576856.421875
683.0 1551361.984375
684.0 1521929.390625
685.0 1489694.015625
686.0 1467368.421875
687.0 1432206.46875
688.0 1398678.0234375
689.0 1368932.6015625
690.0 1342644.09375
691.0 1321139.21875
692.0 1304780.1484375
693.0 1289955.6328125
694.0 1290565.140625
695.0 1297930.984375
696.0 1306753.953125
697.0 1315950.484375
698.0 1306718.390625
699.0 1289781.515625
700.0 1262123.4140625
701.0 1233058.1953125
702.0 1205497.3671875
703.0 1177479.7578125
704.0 1157704.8515625
705.0 1153806.5546875
706.0 1168897.171875
707.0 1188303.25
708.0 1215394.484375
709.0 1244769.0078125
710.0 1273521.3671875
711.0 1295993.578125
712.0 1319809.3671875
713.0 1329534.2265625
714.0 1341388.2890625
715.0 1352322.890625
716.0 1359778.9765625
717.0 1370500.1484375
718.0 1380225.546875
719.0 1388592.1328125
720.0 1408193.4765625
721.0 1430864.0390625
722.0 1449709.4140625
723.0 1475939.15625
724.0 1515666.0625
725.0 1550549.390625
726.0 1583128.921875
727.0 1620806.25
728.0 1651461.5625
729.0 1654039.390625
730.0 1661419.6875
731.0 1653343.171875
732.0 1639767.640625
733.0 1630245.375
734.0 1630973.453125
735.0 1637135.265625
736.0 1650406.046875
737.0 1657077.859375
738.0 1664798.703125
739.0 1669663.09375
740.0 1677917.3125
741.0 1670425.0
742.0 1655051.734375
743.0 1645780.421875
744.0 1645135.796875
745.0 1653435.828125
746.0 1656630.640625
747.0 1655605.78125
748.0 1654208.0
749.0 1645790.5625
750.0 1633158.28125
751.0 1614548.6875
752.0 1595890.8125
753.0 1570716.609375
754.0 1549198.234375
755.0 1525032.046875
756.0 1505827.125
757.0 1490440.984375
758.0 1473866.2734375
759.0 1446144.796875
760.0 1424473.0
761.0 1398994.6171875
762.0 1379994.5
763.0 1362706.4296875
764.0 1345517.203125
765.0 1329705.703125
766.0 1317415.2421875
767.0 1302545.1953125
768.0 1284204.625
769.0 1269331.4453125
770.0 1254249.578125
771.0 1240750.96875
772.0 1227096.984375
773.0 1210763.7265625
774.0 1199561.8671875
775.0 1193385.25
776.0 1189496.71875
777.0 1179804.25
778.0 1168025.5625
779.0 1156106.296875
780.0 1146117.03125
781.0 1139347.1484375
782.0 1132985.2421875
783.0 1122311.421875
784.0 1118026.21875
785.0 1118617.6953125
786.0 1113180.4921875
787.0 1110563.796875
788.0 1106800.84375
789.0 1096350.4375
790.0 1084410.9921875
791.0 1079712.7734375
792.0 1067589.140625
793.0 1053570.671875
794.0 1048751.140625
795.0 1053020.453125
796.0 1051458.328125
797.0 1051963.7890625
798.0 1050847.765625
799.0 1050408.90625
800.0 1051892.8515625
801.0 1050916.2890625
802.0 1046749.5
803.0 1048542.8828125
804.0 1048403.75
805.0 1049895.28125
806.0 1045685.046875
807.0 1041302.1328125
808.0 1047295.328125
809.0 1059907.75
810.0 1071002.7265625
811.0 1083606.9609375
812.0 1105979.328125
813.0 1134015.6328125
814.0 1160514.3046875
815.0 1180059.671875
816.0 1197354.3828125
817.0 1213736.3203125
818.0 1232055.4453125
819.0 1254118.15625
820.0 1265453.796875
821.0 1277299.3203125
822.0 1288728.3359375
823.0 1295313.9296875
824.0 1304254.578125
825.0 1320305.1484375
826.0 1339448.75
827.0 1345255.078125
828.0 1353447.9921875
829.0 1346409.46875
830.0 1349248.109375
831.0 1340453.0390625
832.0 1314138.2421875
833.0 1284341.2734375
834.0 1265240.8046875
835.0 1246068.8125
836.0 1221591.9375
837.0 1194250.546875
838.0 1169905.6796875
839.0 1155270.1640625
840.0 1145095.9765625
841.0 1132986.625
842.0 1124675.1328125
843.0 1124663.9609375
844.0 1129060.59375
845.0 1133271.9609375
846.0 1138883.1796875
847.0 1141245.59375
848.0 1131999.4140625
849.0 1115587.28125
850.0 1095531.5078125
851.0 1076156.2421875
852.0 1059121.375
853.0 1041582.546875
854.0 1029640.9921875
855.0 1017093.078125
856.0 1008849.0234375
857.0 1000290.265625
858.0 997840.3203125
859.0 993503.4453125
860.0 993574.3046875
861.0 990585.578125
862.0 993638.3828125
863.0 993278.46875
864.0 993339.609375
865.0 991502.234375
866.0 987489.8984375
867.0 980992.625
868.0 969551.0234375
869.0 957945.9921875
870.0 945820.703125
871.0 933732.9375
872.0 925299.4921875
873.0 920088.8515625
874.0 916973.3359375
875.0 911823.84375
876.0 903050.140625
877.0 890427.34375
878.0 880346.3125
879.0 873164.3984375
880.0 863476.28125
881.0 853599.21875
882.0 848037.1796875
883.0 845787.546875
884.0 842525.390625
885.0 837574.671875
886.0 831393.1015625
887.0 821662.7890625
888.0 814750.171875
889.0 809300.15625
890.0 800943.15625
891.0 796887.2734375
892.0 796421.015625
893.0 796810.078125
894.0 797854.6484375
895.0 797011.1796875
896.0 791480.390625
897.0 787259.5234375
898.0 778635.171875
899.0 775507.4765625
900.0 769648.1640625
901.0 760631.93359375
902.0 753561.98046875
903.0 748244.14453125
904.0 744376.43359375
905.0 741998.28125
906.0 740837.62109375
907.0 741219.90234375
908.0 742972.05078125
909.0 745550.72265625
910.0 750255.1484375
911.0 755719.390625
912.0 762347.078125
913.0 767139.5625
914.0 777819.9765625
915.0 786140.828125
916.0 791141.03125
917.0 798432.453125
918.0 805976.2578125
919.0 815423.609375
920.0 823507.15625
921.0 830417.7421875
922.0 839375.78125
923.0 853320.9765625
924.0 868093.4375
925.0 882672.8984375
926.0 896887.359375
927.0 911177.84375
928.0 928840.3125
929.0 954084.3046875
930.0 981414.0390625
931.0 1007658.171875
932.0 1031614.6796875
933.0 1044140.7421875
934.0 1048391.78125
935.0 1044227.7578125
936.0 1030201.953125
937.0 1017157.4765625
938.0 1002143.6015625
939.0 987895.703125
940.0 985991.7734375
941.0 983035.0390625
942.0 981170.703125
943.0 970467.0625
944.0 961342.359375
945.0 954745.9296875
946.0 947428.5078125
947.0 944592.140625
948.0 942507.5625
949.0 950593.4375
950.0 958496.265625
951.0 964127.9609375
952.0 975212.28125
953.0 995424.5078125
954.0 1008585.0703125
955.0 1018659.1796875
956.0 1018518.8359375
957.0 1015388.7421875
958.0 1007089.53125
959.0 986425.1640625
960.0 961386.125
961.0 936491.2109375
962.0 913949.53125
963.0 896611.6171875
964.0 883418.28125
965.0 874352.0859375
966.0 865901.6328125
967.0 861212.6796875
968.0 857841.1171875
969.0 854329.015625
970.0 855449.1328125
971.0 846981.8828125
972.0 840988.2421875
973.0 839459.65625
974.0 833343.203125
975.0 826638.125
976.0 821517.7734375
977.0 818482.5625
978.0 817272.8125
979.0 817980.90625
980.0 819378.0
981.0 822748.5234375
982.0 822373.3515625
983.0 823985.71875
984.0 827664.5546875
985.0 825181.984375
986.0 816741.328125
987.0 808597.0546875
988.0 795946.359375
989.0 782371.0859375
990.0 768068.3828125
991.0 753931.0546875
992.0 742901.1015625
993.0 737052.65625
994.0 729813.93359375
995.0 723209.3515625
996.0 717131.18359375
997.0 708442.1875
998.0 697413.2421875
999.0 685914.8046875
1000.0 673677.66015625
1001.0 661848.17578125
1002.0 654376.3359375
1003.0 645623.6328125
1004.0 631893.390625
1005.0 623191.40625
1006.0 623256.59765625
1007.0 618031.07421875
1008.0 613046.9296875
1009.0 609186.1640625
1010.0 607187.9375
1011.0 599768.03515625
1012.0 594668.34765625
1013.0 589031.671875
1014.0 582464.6015625
1015.0 576777.58203125
1016.0 571639.16015625
1017.0 568264.1796875
1018.0 566737.62109375
1019.0 563993.8203125
1020.0 560669.95703125
1021.0 554692.53125
1022.0 461400.390625
1023.0 319615.109375
