string
20201019m3.5_degree/TG_20201019_131back: 20201019m3.5_degree/dark/TG_20201019_061.tif integrated counts_backsubbed
px integrated counts
0.0 7449.2735595703125
1.0 12304.015991210938
2.0 15453.896728515625
3.0 13669.99462890625
4.0 12686.221801757812
5.0 12815.061767578125
6.0 13052.041625976562
7.0 12216.544921875
8.0 12209.971069335938
9.0 11684.930419921875
10.0 11688.117431640625
11.0 11873.943725585938
12.0 11968.815551757812
13.0 12106.643432617188
14.0 12037.411254882812
15.0 12617.76318359375
16.0 13094.044921875
17.0 13487.75439453125
18.0 13712.00537109375
19.0 13521.320556640625
20.0 14080.3125
21.0 13889.5927734375
22.0 14132.470947265625
23.0 13548.093017578125
24.0 13674.92724609375
25.0 13154.269653320312
26.0 12914.362670898438
27.0 12643.244506835938
28.0 12510.718872070312
29.0 12375.621948242188
30.0 12157.717895507812
31.0 12491.64404296875
32.0 12898.916259765625
33.0 12193.745483398438
34.0 12489.91748046875
35.0 12515.276733398438
36.0 12752.896850585938
37.0 13636.07763671875
38.0 14180.221069335938
39.0 15059.077880859375
40.0 14979.759521484375
41.0 14672.59521484375
42.0 14567.5625
43.0 14172.840087890625
44.0 13804.051879882812
45.0 13485.48583984375
46.0 13177.94580078125
47.0 12943.633666992188
48.0 13213.065185546875
49.0 13720.56103515625
50.0 14438.390625
51.0 13562.189697265625
52.0 13312.284423828125
53.0 14218.6171875
54.0 13596.598388671875
55.0 14837.805541992188
56.0 16003.452392578125
57.0 16157.78662109375
58.0 16394.8896484375
59.0 16973.9912109375
60.0 17761.79931640625
61.0 18070.4189453125
62.0 17502.38623046875
63.0 16842.835693359375
64.0 17420.062744140625
65.0 17124.91552734375
66.0 17489.099609375
67.0 15394.6484375
68.0 13489.25
69.0 13461.267456054688
70.0 13212.430297851562
71.0 12807.140869140625
72.0 12709.815673828125
73.0 12693.012817382812
74.0 12169.724853515625
75.0 11844.593017578125
76.0 11809.990966796875
77.0 11943.900024414062
78.0 12391.849853515625
79.0 11960.251220703125
80.0 11475.08056640625
81.0 12384.394653320312
82.0 12485.035766601562
83.0 12115.443115234375
84.0 12095.3291015625
85.0 12563.335815429688
86.0 12086.651977539062
87.0 12609.716674804688
88.0 12629.741088867188
89.0 12515.281982421875
90.0 12092.296142578125
91.0 12287.044067382812
92.0 12007.087524414062
93.0 12485.964111328125
94.0 12901.97412109375
95.0 13017.125244140625
96.0 12763.0029296875
97.0 12898.893676757812
98.0 13174.734375
99.0 13849.771484375
100.0 14241.050048828125
101.0 14070.432006835938
102.0 14903.651611328125
103.0 14864.782470703125
104.0 14132.408569335938
105.0 14388.2275390625
106.0 14952.676025390625
107.0 14146.5107421875
108.0 15177.2275390625
109.0 15830.539306640625
110.0 16768.20458984375
111.0 16593.76806640625
112.0 16506.536376953125
113.0 17156.605712890625
114.0 17490.943603515625
115.0 17809.1640625
116.0 16927.637451171875
117.0 16165.2021484375
118.0 16416.70166015625
119.0 16495.979736328125
120.0 15971.356201171875
121.0 15188.865234375
122.0 14859.12060546875
123.0 15428.3583984375
124.0 15547.0986328125
125.0 15237.87109375
126.0 14786.6708984375
127.0 15478.538818359375
128.0 15958.850341796875
129.0 15126.260009765625
130.0 14889.34716796875
131.0 14636.10302734375
132.0 14325.8974609375
133.0 14171.305419921875
134.0 13839.588134765625
135.0 13681.113037109375
136.0 13651.76708984375
137.0 13530.6201171875
138.0 13351.19189453125
139.0 13045.021606445312
140.0 13244.77099609375
141.0 13021.316284179688
142.0 13117.25048828125
143.0 13362.131591796875
144.0 13014.1669921875
145.0 13478.035888671875
146.0 13337.028442382812
147.0 13682.496826171875
148.0 14096.757568359375
149.0 13500.20166015625
150.0 14573.97216796875
151.0 13393.939575195312
152.0 13848.679443359375
153.0 14158.073608398438
154.0 13927.790161132812
155.0 13665.451904296875
156.0 13693.561401367188
157.0 14104.969360351562
158.0 14332.147705078125
159.0 14758.425537109375
160.0 14570.862548828125
161.0 15082.376220703125
162.0 15111.152099609375
163.0 14945.38525390625
164.0 15911.703857421875
165.0 17394.009521484375
166.0 20607.71630859375
167.0 24069.035888671875
168.0 25246.510498046875
169.0 28949.6279296875
170.0 29156.563720703125
171.0 29280.84716796875
172.0 26735.095458984375
173.0 23281.92431640625
174.0 18562.661865234375
175.0 15547.738037109375
176.0 15019.159423828125
177.0 14796.316162109375
178.0 14363.944458007812
179.0 14992.03466796875
180.0 15116.319580078125
181.0 14430.193115234375
182.0 15095.2890625
183.0 14787.715087890625
184.0 14675.90283203125
185.0 15184.23583984375
186.0 14907.085205078125
187.0 14873.595947265625
188.0 14760.36376953125
189.0 14487.84033203125
190.0 14677.573120117188
191.0 14941.8779296875
192.0 14596.194580078125
193.0 14220.659423828125
194.0 15147.03173828125
195.0 14916.030029296875
196.0 15342.271484375
197.0 15712.875244140625
198.0 15762.772216796875
199.0 15243.09619140625
200.0 15192.43505859375
201.0 15741.9189453125
202.0 15485.87109375
203.0 15411.623046875
204.0 14922.591552734375
205.0 14838.41259765625
206.0 14477.08349609375
207.0 15164.7578125
208.0 14859.08056640625
209.0 15386.561767578125
210.0 15803.0576171875
211.0 14701.74755859375
212.0 15048.704345703125
213.0 14321.5517578125
214.0 14272.614013671875
215.0 14222.098876953125
216.0 14268.430908203125
217.0 13891.759521484375
218.0 14541.706298828125
219.0 13655.553833007812
220.0 13545.02197265625
221.0 13710.006225585938
222.0 13732.907348632812
223.0 12102.797241210938
224.0 11727.005493164062
225.0 12926.330444335938
226.0 13219.796875
227.0 11774.82421875
228.0 11920.762573242188
229.0 12236.715209960938
230.0 12125.484130859375
231.0 12537.510620117188
232.0 12469.29931640625
233.0 12586.369995117188
234.0 13006.634033203125
235.0 13888.036376953125
236.0 15256.920654296875
237.0 18001.75390625
238.0 18233.952392578125
239.0 18943.29833984375
240.0 19730.945068359375
241.0 20332.042724609375
242.0 20412.596923828125
243.0 19903.08056640625
244.0 20255.885498046875
245.0 20809.990478515625
246.0 21904.07080078125
247.0 22812.4345703125
248.0 23493.64501953125
249.0 23972.795166015625
250.0 23820.520263671875
251.0 24857.308349609375
252.0 23254.83984375
253.0 21345.768798828125
254.0 20754.523193359375
255.0 20409.480224609375
256.0 20082.7197265625
257.0 18868.4599609375
258.0 18545.381591796875
259.0 18262.43115234375
260.0 17215.22998046875
261.0 16453.486328125
262.0 16146.10302734375
263.0 16585.24560546875
264.0 16836.619140625
265.0 17874.023193359375
266.0 17244.78271484375
267.0 16626.0595703125
268.0 17261.692626953125
269.0 17381.568603515625
270.0 17705.882568359375
271.0 18295.47509765625
272.0 20469.87548828125
273.0 23893.09912109375
274.0 28475.554931640625
275.0 29202.98095703125
276.0 31108.11328125
277.0 31234.07958984375
278.0 30204.58544921875
279.0 27673.9716796875
280.0 25120.075927734375
281.0 24384.218994140625
282.0 25576.978271484375
283.0 26518.33837890625
284.0 27512.154541015625
285.0 27794.069580078125
286.0 27718.63720703125
287.0 26338.7958984375
288.0 24756.08544921875
289.0 26291.441162109375
290.0 28539.572021484375
291.0 30923.87890625
292.0 31566.49609375
293.0 31925.33349609375
294.0 32519.90576171875
295.0 31318.490234375
296.0 28719.130859375
297.0 26797.54296875
298.0 25131.505615234375
299.0 25377.635498046875
300.0 25906.45703125
301.0 25097.157470703125
302.0 25119.06396484375
303.0 23631.326171875
304.0 23395.09228515625
305.0 23234.794189453125
306.0 22774.1845703125
307.0 22153.75341796875
308.0 23586.24169921875
309.0 23690.3720703125
310.0 24280.492919921875
311.0 24797.121337890625
312.0 24428.10986328125
313.0 23956.046875
314.0 23579.9248046875
315.0 22886.048095703125
316.0 22878.027587890625
317.0 23179.021484375
318.0 22176.561279296875
319.0 22163.77783203125
320.0 22018.659912109375
321.0 22535.771240234375
322.0 22577.4208984375
323.0 23339.21337890625
324.0 23088.253173828125
325.0 23194.78076171875
326.0 23876.314697265625
327.0 24117.904296875
328.0 23518.008056640625
329.0 23655.283203125
330.0 25121.582763671875
331.0 26988.545166015625
332.0 30323.9150390625
333.0 32527.21484375
334.0 34564.36572265625
335.0 34948.54296875
336.0 36690.2509765625
337.0 36049.26904296875
338.0 33995.947265625
339.0 31531.83056640625
340.0 28676.46337890625
341.0 27807.659423828125
342.0 27472.469482421875
343.0 27807.1552734375
344.0 28377.359375
345.0 28693.3837890625
346.0 28744.16845703125
347.0 30009.34619140625
348.0 32536.068359375
349.0 33896.0859375
350.0 34061.56640625
351.0 33999.49609375
352.0 34794.34912109375
353.0 34625.48828125
354.0 32318.71533203125
355.0 30227.84326171875
356.0 29098.39794921875
357.0 28974.49169921875
358.0 28664.9609375
359.0 29142.151123046875
360.0 29707.223876953125
361.0 29351.57177734375
362.0 30040.75439453125
363.0 29828.4609375
364.0 29845.681640625
365.0 29802.863525390625
366.0 29780.770751953125
367.0 30396.71923828125
368.0 30557.67138671875
369.0 29812.37890625
370.0 30977.0078125
371.0 31943.66015625
372.0 33809.00390625
373.0 36255.15673828125
374.0 37088.419921875
375.0 37387.2744140625
376.0 39401.89111328125
377.0 38756.29345703125
378.0 38617.6220703125
379.0 37852.54443359375
380.0 36069.53271484375
381.0 37823.55517578125
382.0 39630.67431640625
383.0 40827.732421875
384.0 41287.85693359375
385.0 40769.9853515625
386.0 41312.5205078125
387.0 39354.7353515625
388.0 35988.90869140625
389.0 37291.98486328125
390.0 37504.3486328125
391.0 38418.78076171875
392.0 39767.4951171875
393.0 41739.32568359375
394.0 43355.65673828125
395.0 43756.00244140625
396.0 42777.05029296875
397.0 42105.05712890625
398.0 40091.21142578125
399.0 38755.0078125
400.0 37897.0078125
401.0 37095.166015625
402.0 38676.85888671875
403.0 38857.861328125
404.0 38836.296875
405.0 38474.947265625
406.0 37729.7587890625
407.0 37431.7294921875
408.0 36090.12060546875
409.0 35204.3125
410.0 34192.24072265625
411.0 33974.94970703125
412.0 35190.77587890625
413.0 37238.43896484375
414.0 38073.19775390625
415.0 36677.2197265625
416.0 36963.388671875
417.0 39050.06982421875
418.0 41564.373046875
419.0 43652.58447265625
420.0 47167.3818359375
421.0 54964.265625
422.0 59504.2763671875
423.0 63135.8935546875
424.0 64062.34521484375
425.0 66083.53515625
426.0 65330.1025390625
427.0 61863.4521484375
428.0 54625.82763671875
429.0 49772.59375
430.0 46691.44677734375
431.0 43935.62939453125
432.0 42349.09033203125
433.0 41235.5146484375
434.0 40709.22802734375
435.0 42021.9736328125
436.0 40815.23486328125
437.0 40780.0478515625
438.0 41787.73779296875
439.0 43209.70263671875
440.0 43423.49609375
441.0 42886.6181640625
442.0 42610.8828125
443.0 43855.42724609375
444.0 42869.3916015625
445.0 42647.61279296875
446.0 42546.986328125
447.0 43311.1513671875
448.0 44038.15478515625
449.0 47913.40673828125
450.0 48106.830078125
451.0 48264.91845703125
452.0 48328.19677734375
453.0 48930.27197265625
454.0 48481.3154296875
455.0 46830.8876953125
456.0 45967.53759765625
457.0 47158.970703125
458.0 46657.12109375
459.0 48854.93115234375
460.0 50168.23583984375
461.0 47958.57568359375
462.0 49719.58984375
463.0 50328.12890625
464.0 51827.97900390625
465.0 53215.390625
466.0 53860.33984375
467.0 55385.02587890625
468.0 55597.12353515625
469.0 57510.630859375
470.0 58015.31201171875
471.0 60023.3701171875
472.0 61188.087890625
473.0 60187.0498046875
474.0 59522.4541015625
475.0 59582.419921875
476.0 59509.02099609375
477.0 60092.79541015625
478.0 62471.2373046875
479.0 63233.59521484375
480.0 60857.4736328125
481.0 61303.87939453125
482.0 61428.203125
483.0 59084.8271484375
484.0 58635.65771484375
485.0 58688.17578125
486.0 55198.3916015625
487.0 54751.26025390625
488.0 54402.9931640625
489.0 53928.1669921875
490.0 52845.630859375
491.0 53241.115234375
492.0 53929.0703125
493.0 54135.32666015625
494.0 53684.74609375
495.0 55347.33984375
496.0 57126.771484375
497.0 61181.2099609375
498.0 63147.951171875
499.0 66515.5234375
500.0 68144.0166015625
501.0 70006.22265625
502.0 69877.009765625
503.0 69986.8818359375
504.0 71038.0263671875
505.0 71976.0654296875
506.0 70558.0048828125
507.0 73632.7021484375
508.0 75539.03125
509.0 77446.130859375
510.0 79245.666015625
511.0 76153.8505859375
512.0 75478.375
513.0 75517.9765625
514.0 77546.009765625
515.0 84562.3017578125
516.0 94612.8916015625
517.0 94759.1796875
518.0 92610.9619140625
519.0 94843.0029296875
520.0 95758.0107421875
521.0 94212.8583984375
522.0 88067.2919921875
523.0 85621.9462890625
524.0 85953.0654296875
525.0 83663.240234375
526.0 86177.1015625
527.0 85605.6982421875
528.0 83204.775390625
529.0 74036.4873046875
530.0 66115.060546875
531.0 65678.76171875
532.0 67107.060546875
533.0 69066.2578125
534.0 73675.0751953125
535.0 78412.95703125
536.0 80037.4296875
537.0 81636.6767578125
538.0 79775.484375
539.0 78495.240234375
540.0 75933.2099609375
541.0 75019.8876953125
542.0 75086.2568359375
543.0 77334.568359375
544.0 81486.072265625
545.0 84809.0673828125
546.0 85136.05078125
547.0 87110.7021484375
548.0 88170.919921875
549.0 89657.08203125
550.0 87434.904296875
551.0 87489.5869140625
552.0 92807.1083984375
553.0 100762.8671875
554.0 104793.4609375
555.0 115553.50390625
556.0 121319.3759765625
557.0 118044.5888671875
558.0 118175.9296875
559.0 110982.0322265625
560.0 104905.1845703125
561.0 94626.0205078125
562.0 83984.2978515625
563.0 77152.4873046875
564.0 75002.697265625
565.0 74970.2001953125
566.0 74559.0263671875
567.0 75925.3447265625
568.0 76132.9921875
569.0 75908.37109375
570.0 78081.626953125
571.0 78614.208984375
572.0 78563.376953125
573.0 79369.955078125
574.0 81774.283203125
575.0 85355.802734375
576.0 89409.14453125
577.0 94645.7431640625
578.0 98092.23046875
579.0 102945.8916015625
580.0 106289.69921875
581.0 111986.5087890625
582.0 114907.802734375
583.0 116154.771484375
584.0 114480.810546875
585.0 114611.115234375
586.0 112278.3447265625
587.0 110470.03515625
588.0 105417.5556640625
589.0 100923.64453125
590.0 99200.0556640625
591.0 97805.7431640625
592.0 95679.9609375
593.0 92352.0166015625
594.0 89027.310546875
595.0 88518.296875
596.0 86899.96484375
597.0 86131.7451171875
598.0 89518.37109375
599.0 90755.0146484375
600.0 91278.58984375
601.0 90957.5361328125
602.0 93002.1767578125
603.0 93161.115234375
604.0 95048.3115234375
605.0 98935.3046875
606.0 106522.111328125
607.0 126618.091796875
608.0 158917.568359375
609.0 175574.310546875
610.0 175289.447265625
611.0 180564.701171875
612.0 181308.064453125
613.0 173677.220703125
614.0 149587.900390625
615.0 118402.1083984375
616.0 99559.494140625
617.0 95919.1943359375
618.0 96518.28515625
619.0 96874.8466796875
620.0 96883.26953125
621.0 97525.380859375
622.0 98556.5341796875
623.0 99393.685546875
624.0 98936.50390625
625.0 98134.2412109375
626.0 99356.240234375
627.0 99259.7880859375
628.0 101507.6982421875
629.0 99582.4716796875
630.0 98413.189453125
631.0 97150.04296875
632.0 96324.6181640625
633.0 94472.9765625
634.0 91541.4306640625
635.0 87528.42578125
636.0 82240.84375
637.0 78822.40234375
638.0 75189.662109375
639.0 72483.177734375
640.0 72098.2568359375
641.0 73806.2626953125
642.0 81875.189453125
643.0 96030.333984375
644.0 108681.3876953125
645.0 119986.939453125
646.0 135584.9140625
647.0 152098.80078125
648.0 165515.92578125
649.0 169971.09375
650.0 169159.84765625
651.0 167823.513671875
652.0 163618.9375
653.0 155426.03125
654.0 142406.228515625
655.0 131566.287109375
656.0 121660.720703125
657.0 112617.55078125
658.0 106738.798828125
659.0 108672.4248046875
660.0 122903.51171875
661.0 150643.482421875
662.0 170979.740234375
663.0 173063.18359375
664.0 192109.173828125
665.0 212157.98046875
666.0 222098.396484375
667.0 202613.822265625
668.0 194854.64453125
669.0 202157.177734375
670.0 217395.826171875
671.0 208428.33203125
672.0 203439.78125
673.0 206947.271484375
674.0 208519.916015625
675.0 196242.693359375
676.0 174536.740234375
677.0 158493.630859375
678.0 154799.03125
679.0 153830.857421875
680.0 144490.90625
681.0 139097.1171875
682.0 137932.42578125
683.0 135317.66796875
684.0 129512.435546875
685.0 122767.28125
686.0 120666.4775390625
687.0 118906.85546875
688.0 118198.3173828125
689.0 128945.71484375
690.0 148113.224609375
691.0 172902.107421875
692.0 180611.970703125
693.0 185842.525390625
694.0 196409.439453125
695.0 199455.431640625
696.0 197482.826171875
697.0 187034.2578125
698.0 175364.189453125
699.0 178549.271484375
700.0 181904.51953125
701.0 179933.419921875
702.0 181192.85546875
703.0 179811.228515625
704.0 173417.21875
705.0 162981.431640625
706.0 153961.689453125
707.0 147245.978515625
708.0 148445.5859375
709.0 157209.00390625
710.0 171174.625
711.0 188877.93359375
712.0 196474.439453125
713.0 201089.158203125
714.0 218298.64453125
715.0 228082.77734375
716.0 228198.275390625
717.0 215058.34765625
718.0 201389.40234375
719.0 196639.376953125
720.0 194820.556640625
721.0 178918.76953125
722.0 160847.55078125
723.0 146054.271484375
724.0 140733.033203125
725.0 140804.916015625
726.0 139744.115234375
727.0 137965.1953125
728.0 137923.9609375
729.0 137656.4453125
730.0 136613.83203125
731.0 137851.76953125
732.0 140892.59375
733.0 143787.623046875
734.0 154227.8671875
735.0 171719.150390625
736.0 193317.818359375
737.0 214068.888671875
738.0 227291.873046875
739.0 235057.4140625
740.0 238227.18359375
741.0 242426.10546875
742.0 238494.0703125
743.0 226520.0859375
744.0 211583.787109375
745.0 205255.775390625
746.0 207599.05859375
747.0 215315.294921875
748.0 211450.8984375
749.0 205068.78125
750.0 202241.23828125
751.0 198525.423828125
752.0 186684.541015625
753.0 175131.373046875
754.0 159116.46875
755.0 146302.251953125
756.0 141883.115234375
757.0 146881.21875
758.0 156791.376953125
759.0 165855.16796875
760.0 167291.822265625
761.0 168970.650390625
762.0 170495.986328125
763.0 168163.740234375
764.0 160582.220703125
765.0 149289.888671875
766.0 142219.4609375
767.0 140396.875
768.0 137600.84375
769.0 138056.248046875
770.0 137821.783203125
771.0 135977.994140625
772.0 134187.326171875
773.0 131912.640625
774.0 126746.384765625
775.0 120658.7744140625
776.0 118127.26171875
777.0 115355.23046875
778.0 112927.21484375
779.0 113751.1396484375
780.0 111144.7255859375
781.0 108306.6796875
782.0 106532.6650390625
783.0 105752.068359375
784.0 104845.3486328125
785.0 102268.9853515625
786.0 99886.1748046875
787.0 97507.298828125
788.0 95581.3154296875
789.0 95933.044921875
790.0 96811.1259765625
791.0 95473.216796875
792.0 94210.7744140625
793.0 93405.9150390625
794.0 92268.8486328125
795.0 93544.6943359375
796.0 92504.1689453125
797.0 90084.744140625
798.0 92334.8154296875
799.0 91250.5166015625
800.0 89559.86328125
801.0 91065.6337890625
802.0 90106.609375
803.0 89540.1875
804.0 90295.4931640625
805.0 90608.939453125
806.0 89396.8388671875
807.0 87264.4453125
808.0 86851.9921875
809.0 82511.7529296875
810.0 79425.5693359375
811.0 78050.3564453125
812.0 78263.6279296875
813.0 77031.3671875
814.0 75744.5048828125
815.0 74809.9091796875
816.0 71284.9736328125
817.0 70950.869140625
818.0 70549.201171875
819.0 69743.05078125
820.0 69613.6728515625
821.0 67948.658203125
822.0 67401.9306640625
823.0 67006.62109375
824.0 65620.7744140625
825.0 64437.5341796875
826.0 64146.208984375
827.0 62865.8291015625
828.0 62659.4111328125
829.0 61928.6884765625
830.0 59207.7275390625
831.0 58543.91015625
832.0 58602.935546875
833.0 57166.5380859375
834.0 55469.99951171875
835.0 54108.0732421875
836.0 54130.87890625
837.0 53593.7490234375
838.0 51899.35498046875
839.0 51247.96435546875
840.0 52688.271484375
841.0 53488.63916015625
842.0 50802.28271484375
843.0 48496.18017578125
844.0 47554.103515625
845.0 46332.43017578125
846.0 45433.21484375
847.0 45801.48876953125
848.0 45640.35986328125
849.0 45400.19091796875
850.0 44105.08544921875
851.0 45837.75146484375
852.0 42927.1181640625
853.0 41628.8798828125
854.0 41770.6298828125
855.0 41146.80078125
856.0 40589.68310546875
857.0 40811.67919921875
858.0 39762.92626953125
859.0 40115.16845703125
860.0 39128.9365234375
861.0 37713.60595703125
862.0 37487.9208984375
863.0 37183.56982421875
864.0 37692.306640625
865.0 38295.47509765625
866.0 38897.1171875
867.0 38411.4619140625
868.0 40577.8125
869.0 41421.654296875
870.0 43148.00146484375
871.0 47091.376953125
872.0 53011.005859375
873.0 59729.7841796875
874.0 72612.287109375
875.0 94966.9755859375
876.0 119894.03125
877.0 142130.796875
878.0 183222.68359375
879.0 259253.798828125
880.0 286754.84375
881.0 291117.6875
882.0 314638.30078125
883.0 341469.0703125
884.0 316931.93359375
885.0 267054.611328125
886.0 216055.650390625
887.0 179096.912109375
888.0 168801.9609375
889.0 140185.9765625
890.0 129063.4580078125
891.0 150944.453125
892.0 210808.08984375
893.0 296004.265625
894.0 407124.6796875
895.0 552105.9765625
896.0 698510.8125
897.0 838194.734375
898.0 949775.609375
899.0 975115.1171875
900.0 927986.6875
901.0 843985.9921875
902.0 754852.109375
903.0 642057.4921875
904.0 542775.87109375
905.0 451096.55078125
906.0 400731.703125
907.0 400155.265625
908.0 393441.46875
909.0 376963.4765625
910.0 332929.4375
911.0 286381.3984375
912.0 251000.3828125
913.0 215504.88671875
914.0 185463.357421875
915.0 140455.369140625
916.0 108798.8505859375
917.0 89807.3603515625
918.0 77968.3466796875
919.0 66404.46728515625
920.0 59427.34521484375
921.0 54311.0205078125
922.0 53259.3115234375
923.0 58530.0458984375
924.0 65728.046875
925.0 78998.0966796875
926.0 92108.654296875
927.0 103502.146484375
928.0 111872.587890625
929.0 113055.9873046875
930.0 107852.16015625
931.0 99316.0908203125
932.0 89672.9169921875
933.0 79814.8486328125
934.0 72563.296875
935.0 69155.875
936.0 69696.7001953125
937.0 69847.220703125
938.0 74034.7255859375
939.0 75884.2421875
940.0 72668.3408203125
941.0 72185.2470703125
942.0 69078.6318359375
943.0 64607.1533203125
944.0 57897.74853515625
945.0 54494.97509765625
946.0 53271.697265625
947.0 53108.7578125
948.0 49703.111328125
949.0 49627.8203125
950.0 48499.88037109375
951.0 48892.08203125
952.0 48108.9931640625
953.0 46540.92578125
954.0 48414.13427734375
955.0 47938.87548828125
956.0 45642.44970703125
957.0 44265.85009765625
958.0 45015.49072265625
959.0 44583.42578125
960.0 46212.58203125
961.0 46650.29345703125
962.0 46508.556640625
963.0 47227.3583984375
964.0 48048.61865234375
965.0 46896.2080078125
966.0 47992.4521484375
967.0 48674.47607421875
968.0 49230.9814453125
969.0 50092.3203125
970.0 48196.75439453125
971.0 51697.3095703125
972.0 50148.6640625
973.0 49689.60107421875
974.0 52062.75830078125
975.0 52996.59814453125
976.0 55024.9677734375
977.0 54201.689453125
978.0 54366.94873046875
979.0 56493.6171875
980.0 58074.85546875
981.0 58492.3994140625
982.0 58887.1220703125
983.0 60315.3349609375
984.0 63669.697265625
985.0 64852.3740234375
986.0 66507.7470703125
987.0 66326.029296875
988.0 67189.904296875
989.0 69923.1142578125
990.0 71364.10546875
991.0 74178.3544921875
992.0 76726.642578125
993.0 77046.0400390625
994.0 81271.833984375
995.0 84959.0341796875
996.0 86156.95703125
997.0 88534.919921875
998.0 92397.6943359375
999.0 95619.8310546875
1000.0 98694.9013671875
1001.0 99436.0732421875
1002.0 104195.884765625
1003.0 106765.59765625
1004.0 111530.0498046875
1005.0 114587.181640625
1006.0 115686.685546875
1007.0 117233.01171875
1008.0 122608.07421875
1009.0 128455.025390625
1010.0 132846.62890625
1011.0 138515.1328125
1012.0 144574.34375
1013.0 154887.60546875
1014.0 157799.591796875
1015.0 166969.94921875
1016.0 179070.373046875
1017.0 188691.2421875
1018.0 198212.623046875
1019.0 208028.1875
1020.0 221495.25
1021.0 233380.26953125
1022.0 195239.0234375
1023.0 137934.296875
