string
20201019m5_degree/TG_20201019_080back: 20201019m5_degree/dark/TG_20201019_068.tif integrated counts_backsubbed
px integrated counts
0.0 158.08663940429688
1.0 236.37765502929688
2.0 283.52764892578125
3.0 323.5696716308594
4.0 307.0802307128906
5.0 335.9468688964844
6.0 356.1761474609375
7.0 358.530029296875
8.0 336.6362609863281
9.0 380.908935546875
10.0 372.623291015625
11.0 274.03582763671875
12.0 291.4904479980469
13.0 304.176025390625
14.0 308.9456787109375
15.0 239.92095947265625
16.0 263.1368103027344
17.0 270.78741455078125
18.0 227.56570434570312
19.0 406.3843688964844
20.0 359.04840087890625
21.0 334.3771667480469
22.0 393.48309326171875
23.0 393.14715576171875
24.0 302.82647705078125
25.0 254.4781494140625
26.0 212.54879760742188
27.0 304.6640625
28.0 297.8849182128906
29.0 241.34002685546875
30.0 242.7537841796875
31.0 309.3757019042969
32.0 286.5847473144531
33.0 298.641357421875
34.0 238.81649780273438
35.0 245.048095703125
36.0 256.0259704589844
37.0 249.89651489257812
38.0 263.5962829589844
39.0 282.4889831542969
40.0 331.9237060546875
41.0 324.3118896484375
42.0 194.63955688476562
43.0 230.99642944335938
44.0 285.9497375488281
45.0 283.02996826171875
46.0 279.3762512207031
47.0 230.79428100585938
48.0 253.19302368164062
49.0 278.5631103515625
50.0 300.9146423339844
51.0 254.07159423828125
52.0 243.7498779296875
53.0 269.06365966796875
54.0 243.11166381835938
55.0 236.38702392578125
56.0 243.44921875
57.0 246.30075073242188
58.0 211.52545166015625
59.0 257.30755615234375
60.0 325.03118896484375
61.0 382.1750793457031
62.0 304.7606506347656
63.0 309.7757873535156
64.0 319.83685302734375
65.0 279.21588134765625
66.0 339.3599853515625
67.0 253.35501098632812
68.0 224.08001708984375
69.0 251.93679809570312
70.0 271.2571716308594
71.0 298.5308532714844
72.0 312.6560363769531
73.0 278.1990051269531
74.0 290.3773193359375
75.0 315.0999755859375
76.0 283.6124572753906
77.0 363.6071472167969
78.0 357.887939453125
79.0 269.8643798828125
80.0 242.46444702148438
81.0 281.51690673828125
82.0 352.0116271972656
83.0 468.211669921875
84.0 449.7254333496094
85.0 367.5563659667969
86.0 392.1722717285156
87.0 365.55718994140625
88.0 412.8243713378906
89.0 384.3794250488281
90.0 344.09375
91.0 343.9837646484375
92.0 259.5504150390625
93.0 251.9173583984375
94.0 288.4701232910156
95.0 258.5621643066406
96.0 257.9879150390625
97.0 216.0791015625
98.0 274.1533508300781
99.0 228.73086547851562
100.0 200.31631469726562
101.0 299.84515380859375
102.0 304.5600280761719
103.0 225.12554931640625
104.0 294.1942138671875
105.0 289.3760986328125
106.0 305.8868408203125
107.0 291.1424865722656
108.0 321.2012023925781
109.0 265.18536376953125
110.0 225.20150756835938
111.0 230.41238403320312
112.0 270.56866455078125
113.0 262.48974609375
114.0 231.19210815429688
115.0 318.1775817871094
116.0 286.966552734375
117.0 255.03399658203125
118.0 235.47857666015625
119.0 331.4725036621094
120.0 379.4156494140625
121.0 245.6409912109375
122.0 317.97406005859375
123.0 287.28082275390625
124.0 262.28765869140625
125.0 274.1259765625
126.0 273.84136962890625
127.0 309.61016845703125
128.0 338.8529052734375
129.0 294.4775085449219
130.0 328.47894287109375
131.0 384.6539306640625
132.0 370.2371520996094
133.0 371.0547790527344
134.0 339.843505859375
135.0 279.7844543457031
136.0 412.00201416015625
137.0 429.2077331542969
138.0 348.1119384765625
139.0 271.4018859863281
140.0 391.6684875488281
141.0 341.0267333984375
142.0 285.3122863769531
143.0 320.41107177734375
144.0 339.42730712890625
145.0 259.99456787109375
146.0 251.5003662109375
147.0 320.5130615234375
148.0 343.78961181640625
149.0 324.2534484863281
150.0 390.7861633300781
151.0 326.8989562988281
152.0 300.41400146484375
153.0 327.38385009765625
154.0 353.0362548828125
155.0 263.8960876464844
156.0 237.974609375
157.0 309.44476318359375
158.0 245.13055419921875
159.0 284.43780517578125
160.0 329.4876403808594
161.0 355.8542175292969
162.0 313.335205078125
163.0 255.73992919921875
164.0 278.695556640625
165.0 338.2691955566406
166.0 285.0634765625
167.0 215.00103759765625
168.0 325.98681640625
169.0 362.9503173828125
170.0 329.1412658691406
171.0 335.4595642089844
172.0 262.8964538574219
173.0 276.29052734375
174.0 308.9642639160156
175.0 277.53570556640625
176.0 366.4007568359375
177.0 352.1837158203125
178.0 294.0778503417969
179.0 371.2055358886719
180.0 343.7616271972656
181.0 318.9919738769531
182.0 277.51904296875
183.0 253.2969970703125
184.0 331.3772888183594
185.0 351.2893981933594
186.0 405.7048645019531
187.0 319.9538879394531
188.0 443.6483154296875
189.0 502.9400329589844
190.0 559.0206298828125
191.0 602.251953125
192.0 632.7238159179688
193.0 645.259765625
194.0 547.009521484375
195.0 464.7956848144531
196.0 462.7882995605469
197.0 287.4573974609375
198.0 269.095947265625
199.0 340.56561279296875
200.0 320.0650634765625
201.0 318.0268859863281
202.0 276.7456970214844
203.0 271.00909423828125
204.0 236.63446044921875
205.0 355.5694580078125
206.0 269.1811828613281
207.0 238.29800415039062
208.0 320.8255310058594
209.0 290.6851806640625
210.0 286.1256103515625
211.0 281.22760009765625
212.0 318.96063232421875
213.0 302.5135803222656
214.0 317.6246643066406
215.0 340.6188049316406
216.0 315.5806579589844
217.0 282.7786560058594
218.0 336.2146301269531
219.0 303.2161560058594
220.0 381.8166198730469
221.0 368.3197326660156
222.0 262.6764221191406
223.0 393.3128967285156
224.0 341.97161865234375
225.0 349.1179504394531
226.0 374.2097473144531
227.0 358.7821960449219
228.0 319.1851806640625
229.0 306.0058898925781
230.0 308.4468994140625
231.0 383.27386474609375
232.0 357.4627990722656
233.0 285.8941955566406
234.0 347.1445007324219
235.0 354.075927734375
236.0 330.2950134277344
237.0 269.5787353515625
238.0 293.84161376953125
239.0 339.2965087890625
240.0 322.94293212890625
241.0 245.48101806640625
242.0 271.218017578125
243.0 252.95352172851562
244.0 311.10711669921875
245.0 338.52398681640625
246.0 266.724853515625
247.0 260.1266784667969
248.0 220.69921875
249.0 272.9512939453125
250.0 239.68118286132812
251.0 317.238037109375
252.0 311.2530517578125
253.0 250.64144897460938
254.0 311.4312744140625
255.0 276.8319091796875
256.0 262.6963806152344
257.0 243.39328002929688
258.0 219.53695678710938
259.0 305.8760986328125
260.0 338.2339172363281
261.0 367.5223693847656
262.0 357.0124206542969
263.0 443.7983093261719
264.0 424.5744934082031
265.0 461.6370849609375
266.0 470.5588684082031
267.0 445.12359619140625
268.0 371.7997741699219
269.0 504.20928955078125
270.0 548.6881103515625
271.0 548.5868530273438
272.0 532.7275390625
273.0 511.24072265625
274.0 505.2510986328125
275.0 474.1437072753906
276.0 499.50152587890625
277.0 443.7459411621094
278.0 485.36383056640625
279.0 401.70465087890625
280.0 370.4230651855469
281.0 319.79986572265625
282.0 410.6159362792969
283.0 352.8420715332031
284.0 367.70855712890625
285.0 374.8459167480469
286.0 397.4039611816406
287.0 407.9458923339844
288.0 362.4440002441406
289.0 362.202392578125
290.0 349.364013671875
291.0 349.83172607421875
292.0 373.5105895996094
293.0 314.287353515625
294.0 450.7807312011719
295.0 445.4775695800781
296.0 619.175537109375
297.0 546.800048828125
298.0 546.686767578125
299.0 578.5545654296875
300.0 687.1748046875
301.0 597.5126953125
302.0 502.0994873046875
303.0 515.0899658203125
304.0 513.95166015625
305.0 582.305419921875
306.0 586.6707153320312
307.0 671.250732421875
308.0 629.0517578125
309.0 511.8159484863281
310.0 530.04931640625
311.0 580.860595703125
312.0 537.142333984375
313.0 561.2069091796875
314.0 702.9908447265625
315.0 713.551025390625
316.0 669.5452880859375
317.0 652.3573608398438
318.0 563.3758544921875
319.0 580.8211059570312
320.0 557.5958862304688
321.0 564.2188720703125
322.0 521.37109375
323.0 488.19244384765625
324.0 443.87994384765625
325.0 493.8934020996094
326.0 561.6171875
327.0 489.1187438964844
328.0 399.63250732421875
329.0 513.8572998046875
330.0 477.3634338378906
331.0 440.3906555175781
332.0 430.36907958984375
333.0 470.28668212890625
334.0 565.1033325195312
335.0 570.508056640625
336.0 431.7369689941406
337.0 373.4436340332031
338.0 374.4435729980469
339.0 504.1918640136719
340.0 530.851318359375
341.0 502.6493225097656
342.0 560.02685546875
343.0 530.750244140625
344.0 388.74053955078125
345.0 437.01318359375
346.0 490.5992736816406
347.0 562.0042724609375
348.0 491.11480712890625
349.0 596.8880615234375
350.0 575.5074462890625
351.0 591.7562255859375
352.0 669.20263671875
353.0 654.1898803710938
354.0 724.5169677734375
355.0 753.97998046875
356.0 649.5281372070312
357.0 660.8929443359375
358.0 820.481201171875
359.0 718.4940795898438
360.0 723.7507934570312
361.0 632.8866577148438
362.0 551.678955078125
363.0 658.5060424804688
364.0 618.1177978515625
365.0 667.3734130859375
366.0 725.7899169921875
367.0 577.421875
368.0 676.589111328125
369.0 651.7566528320312
370.0 717.3021240234375
371.0 733.2806396484375
372.0 691.988525390625
373.0 625.9702758789062
374.0 696.3526000976562
375.0 837.35986328125
376.0 733.9693603515625
377.0 638.5535888671875
378.0 540.849365234375
379.0 635.90234375
380.0 635.7908935546875
381.0 595.8080444335938
382.0 619.2559204101562
383.0 703.5057373046875
384.0 544.3588256835938
385.0 639.7476806640625
386.0 747.1622314453125
387.0 608.881591796875
388.0 628.8720092773438
389.0 645.8475341796875
390.0 718.7135620117188
391.0 662.0770263671875
392.0 693.9678955078125
393.0 725.4122924804688
394.0 680.7540283203125
395.0 732.373779296875
396.0 805.3004150390625
397.0 790.311279296875
398.0 888.3082275390625
399.0 727.6895751953125
400.0 748.5455932617188
401.0 765.4842529296875
402.0 829.26904296875
403.0 840.1207275390625
404.0 801.7919921875
405.0 881.2835083007812
406.0 854.3585815429688
407.0 770.7105712890625
408.0 716.28564453125
409.0 831.9692993164062
410.0 744.9434204101562
411.0 728.436279296875
412.0 791.9215087890625
413.0 776.803466796875
414.0 845.7879638671875
415.0 997.9108276367188
416.0 955.1698608398438
417.0 989.6663818359375
418.0 857.0165405273438
419.0 778.6826171875
420.0 816.51123046875
421.0 715.3431396484375
422.0 727.390380859375
423.0 732.513427734375
424.0 845.5648193359375
425.0 883.536376953125
426.0 781.4225463867188
427.0 800.6294555664062
428.0 804.0242919921875
429.0 705.3701171875
430.0 711.3290405273438
431.0 660.2564697265625
432.0 676.1871337890625
433.0 738.8734130859375
434.0 792.6521606445312
435.0 815.8071899414062
436.0 833.2720947265625
437.0 798.607177734375
438.0 709.1199340820312
439.0 807.2693481445312
440.0 925.781982421875
441.0 930.9188842773438
442.0 1040.52001953125
443.0 1237.033935546875
444.0 1308.838623046875
445.0 1345.31494140625
446.0 1572.205810546875
447.0 1486.740478515625
448.0 1264.0020751953125
449.0 1347.415771484375
450.0 1185.278564453125
451.0 1033.412109375
452.0 1014.770751953125
453.0 1073.723876953125
454.0 996.2445068359375
455.0 937.076171875
456.0 801.4490356445312
457.0 767.8452758789062
458.0 744.399658203125
459.0 918.1873779296875
460.0 912.17236328125
461.0 871.6514892578125
462.0 965.663330078125
463.0 1018.98583984375
464.0 1073.4219970703125
465.0 957.239990234375
466.0 894.2708740234375
467.0 878.0177612304688
468.0 931.421630859375
469.0 974.6493530273438
470.0 992.976806640625
471.0 958.7529296875
472.0 1011.066162109375
473.0 1002.26171875
474.0 983.7011108398438
475.0 961.646484375
476.0 1001.3660888671875
477.0 1182.72119140625
478.0 1016.2498779296875
479.0 952.5629272460938
480.0 993.6786499023438
481.0 1100.920166015625
482.0 961.152587890625
483.0 872.0821533203125
484.0 963.055419921875
485.0 998.8181762695312
486.0 1080.856689453125
487.0 1129.48828125
488.0 1184.68701171875
489.0 1051.9560546875
490.0 1222.17919921875
491.0 1447.68994140625
492.0 1209.794189453125
493.0 1170.847412109375
494.0 1110.754638671875
495.0 1300.995849609375
496.0 1325.8309326171875
497.0 1284.317138671875
498.0 1383.892822265625
499.0 1364.30419921875
500.0 1373.269287109375
501.0 1398.765380859375
502.0 1309.50048828125
503.0 1373.82470703125
504.0 1343.5560302734375
505.0 1356.001220703125
506.0 1310.84765625
507.0 1191.8056640625
508.0 1216.1011962890625
509.0 1292.113037109375
510.0 1121.1656494140625
511.0 1037.880615234375
512.0 1175.2657470703125
513.0 1230.8975830078125
514.0 1159.3258056640625
515.0 1040.358154296875
516.0 1173.470703125
517.0 1101.3758544921875
518.0 1109.044189453125
519.0 1053.52978515625
520.0 1298.5113525390625
521.0 1310.678466796875
522.0 1293.101318359375
523.0 1404.273193359375
524.0 1455.861328125
525.0 1525.71435546875
526.0 1419.116943359375
527.0 1457.859130859375
528.0 1451.5841064453125
529.0 1431.5751953125
530.0 1596.909423828125
531.0 1699.750244140625
532.0 1307.5418701171875
533.0 2543.004150390625
534.0 1659.27978515625
535.0 1541.402099609375
536.0 1506.727783203125
537.0 1694.9927978515625
538.0 2005.673095703125
539.0 1998.6580810546875
540.0 2023.7646484375
541.0 1886.004150390625
542.0 1799.7132568359375
543.0 1797.10595703125
544.0 1941.1844482421875
545.0 2071.47802734375
546.0 1864.84423828125
547.0 1707.824462890625
548.0 1710.3094482421875
549.0 1802.13232421875
550.0 1861.99072265625
551.0 1535.1593017578125
552.0 1399.5367431640625
553.0 1320.9041748046875
554.0 1308.1778564453125
555.0 1441.4691162109375
556.0 1492.592041015625
557.0 1520.81298828125
558.0 1617.5789794921875
559.0 1556.694580078125
560.0 1644.463623046875
561.0 1564.515625
562.0 1551.8631591796875
563.0 1595.687744140625
564.0 1515.1077880859375
565.0 1637.522705078125
566.0 1584.1375732421875
567.0 1738.55908203125
568.0 1854.256103515625
569.0 1758.0072021484375
570.0 1634.3603515625
571.0 1631.4736328125
572.0 1606.9801025390625
573.0 1656.142333984375
574.0 1768.91650390625
575.0 1923.8797607421875
576.0 2162.313720703125
577.0 2344.737060546875
578.0 2593.416259765625
579.0 2371.352294921875
580.0 2339.9443359375
581.0 2274.5283203125
582.0 1977.729248046875
583.0 1942.3599853515625
584.0 1754.739013671875
585.0 1529.783447265625
586.0 1486.530029296875
587.0 1427.012939453125
588.0 1498.8411865234375
589.0 1481.033203125
590.0 1596.64501953125
591.0 1584.6309814453125
592.0 1625.351806640625
593.0 1466.3397216796875
594.0 1561.162109375
595.0 1810.8397216796875
596.0 1704.7816162109375
597.0 1659.696533203125
598.0 1736.5703125
599.0 1738.32958984375
600.0 2063.413818359375
601.0 2136.46240234375
602.0 2129.65283203125
603.0 2160.031982421875
604.0 2151.9052734375
605.0 2178.668212890625
606.0 2370.525634765625
607.0 2384.979248046875
608.0 2314.508544921875
609.0 2280.4140625
610.0 2113.520751953125
611.0 2012.3592529296875
612.0 2044.3126220703125
613.0 2007.8951416015625
614.0 1976.682373046875
615.0 1924.55419921875
616.0 1863.7490234375
617.0 1754.0885009765625
618.0 1766.284912109375
619.0 1778.9404296875
620.0 1740.6123046875
621.0 1721.30712890625
622.0 1900.7066650390625
623.0 1905.9188232421875
624.0 1845.7574462890625
625.0 2004.1434326171875
626.0 2039.6983642578125
627.0 2082.89697265625
628.0 2209.10986328125
629.0 2369.1044921875
630.0 3033.90625
631.0 3374.65185546875
632.0 3380.343017578125
633.0 3608.8173828125
634.0 3515.483642578125
635.0 3359.073974609375
636.0 3074.6962890625
637.0 2659.327880859375
638.0 2144.53515625
639.0 1812.405517578125
640.0 1936.54052734375
641.0 2043.7183837890625
642.0 1928.573974609375
643.0 1861.425537109375
644.0 2051.88525390625
645.0 2075.02294921875
646.0 2001.2454833984375
647.0 1955.241943359375
648.0 1992.5260009765625
649.0 1952.8765869140625
650.0 2163.185302734375
651.0 1967.331298828125
652.0 1865.602294921875
653.0 1968.8531494140625
654.0 1883.1231689453125
655.0 1872.5513916015625
656.0 1717.29833984375
657.0 1805.816650390625
658.0 1736.759033203125
659.0 1491.8536376953125
660.0 1378.3057861328125
661.0 1395.88232421875
662.0 1302.5447998046875
663.0 1476.653076171875
664.0 1874.220458984375
665.0 2222.65234375
666.0 2333.51611328125
667.0 2520.92138671875
668.0 2724.50390625
669.0 2865.913818359375
670.0 3108.66552734375
671.0 3467.381591796875
672.0 3773.885498046875
673.0 3545.67919921875
674.0 3362.07861328125
675.0 3121.36083984375
676.0 2787.224609375
677.0 2565.28759765625
678.0 2427.296630859375
679.0 2231.744384765625
680.0 2103.84521484375
681.0 2091.75146484375
682.0 2430.019287109375
683.0 3140.153076171875
684.0 3309.854736328125
685.0 3488.230712890625
686.0 3616.916259765625
687.0 4156.87060546875
688.0 4745.6708984375
689.0 4394.6943359375
690.0 3932.405517578125
691.0 3960.337890625
692.0 4280.0146484375
693.0 4404.7783203125
694.0 4020.8603515625
695.0 3626.5458984375
696.0 4011.592529296875
697.0 3987.579833984375
698.0 3409.4501953125
699.0 3145.329345703125
700.0 3310.40625
701.0 3252.02001953125
702.0 2993.289794921875
703.0 2753.41845703125
704.0 2738.5517578125
705.0 2595.123046875
706.0 2681.484375
707.0 2663.564453125
708.0 2434.994384765625
709.0 2488.796875
710.0 2717.955078125
711.0 2630.251953125
712.0 2700.37353515625
713.0 3366.143310546875
714.0 3583.3701171875
715.0 3531.9658203125
716.0 3698.595947265625
717.0 4230.80810546875
718.0 4153.62744140625
719.0 3862.17724609375
720.0 3527.16162109375
721.0 3785.429443359375
722.0 3862.00927734375
723.0 3773.18896484375
724.0 3570.73779296875
725.0 3824.513916015625
726.0 3484.072998046875
727.0 3442.966796875
728.0 3191.367919921875
729.0 2916.795654296875
730.0 3238.458984375
731.0 3643.476806640625
732.0 3730.5830078125
733.0 4312.9228515625
734.0 4462.06396484375
735.0 4436.4599609375
736.0 4431.953125
737.0 4746.4970703125
738.0 5286.36279296875
739.0 4922.146484375
740.0 4230.57958984375
741.0 4242.68603515625
742.0 4138.52197265625
743.0 3981.00390625
744.0 3270.78955078125
745.0 2773.69091796875
746.0 2832.68701171875
747.0 2629.042236328125
748.0 2663.71337890625
749.0 2813.535888671875
750.0 3218.5478515625
751.0 2849.29833984375
752.0 2878.837646484375
753.0 2899.946533203125
754.0 2936.28173828125
755.0 3025.01806640625
756.0 3218.1298828125
757.0 3644.32470703125
758.0 4089.810546875
759.0 4393.07421875
760.0 4619.79345703125
761.0 5235.01513671875
762.0 4982.513671875
763.0 5231.80517578125
764.0 5534.61572265625
765.0 5316.6064453125
766.0 5078.2021484375
767.0 4968.9453125
768.0 5080.26025390625
769.0 5163.5283203125
770.0 5556.2333984375
771.0 4902.98388671875
772.0 4395.79296875
773.0 4422.083984375
774.0 3992.302001953125
775.0 4006.66748046875
776.0 3348.802978515625
777.0 3058.079833984375
778.0 3124.491943359375
779.0 3112.430908203125
780.0 3615.65576171875
781.0 3576.450927734375
782.0 3937.214599609375
783.0 3897.706787109375
784.0 3641.07275390625
785.0 3751.1162109375
786.0 3704.34130859375
787.0 3524.591796875
788.0 3312.389404296875
789.0 3575.58544921875
790.0 3624.227783203125
791.0 2898.88232421875
792.0 2875.834716796875
793.0 3183.06494140625
794.0 3188.069580078125
795.0 2897.11767578125
796.0 2677.17138671875
797.0 2652.9814453125
798.0 2557.46728515625
799.0 2554.50341796875
800.0 2276.16943359375
801.0 2498.8515625
802.0 2528.796142578125
803.0 2610.880859375
804.0 2313.073974609375
805.0 1955.1844482421875
806.0 2059.255859375
807.0 2387.97802734375
808.0 2266.182861328125
809.0 1956.7489013671875
810.0 2033.3944091796875
811.0 2144.87841796875
812.0 2125.4755859375
813.0 2084.82666015625
814.0 1973.3553466796875
815.0 2007.6385498046875
816.0 2009.9638671875
817.0 1873.6220703125
818.0 1718.07958984375
819.0 1730.30859375
820.0 1679.176025390625
821.0 1814.918701171875
822.0 1882.7696533203125
823.0 1884.273681640625
824.0 1813.5225830078125
825.0 1907.8447265625
826.0 1631.498046875
827.0 2075.604248046875
828.0 1890.463623046875
829.0 1743.60595703125
830.0 1853.7064208984375
831.0 1655.6689453125
832.0 1599.839599609375
833.0 1913.65966796875
834.0 1802.51025390625
835.0 1517.2998046875
836.0 1599.6026611328125
837.0 1467.4232177734375
838.0 1366.1767578125
839.0 1499.0775146484375
840.0 1446.435791015625
841.0 1411.1864013671875
842.0 1511.98095703125
843.0 1504.627197265625
844.0 1554.2698974609375
845.0 1714.2587890625
846.0 1253.6011962890625
847.0 1253.0771484375
848.0 1340.87353515625
849.0 1454.6590576171875
850.0 1277.47705078125
851.0 1204.684814453125
852.0 1331.6097412109375
853.0 1325.0130615234375
854.0 1011.41162109375
855.0 1098.1431884765625
856.0 1013.3314819335938
857.0 1060.908935546875
858.0 1091.426025390625
859.0 1003.7352294921875
860.0 1004.5326538085938
861.0 1292.5103759765625
862.0 1258.2213134765625
863.0 1184.9715576171875
864.0 1168.8004150390625
865.0 1133.19873046875
866.0 908.817138671875
867.0 949.9715576171875
868.0 1067.47216796875
869.0 931.39404296875
870.0 710.8446044921875
871.0 828.002685546875
872.0 953.2333374023438
873.0 828.49267578125
874.0 1001.830078125
875.0 1039.424560546875
876.0 854.433837890625
877.0 903.64404296875
878.0 752.3460693359375
879.0 742.0457763671875
880.0 776.0262451171875
881.0 684.75537109375
882.0 734.1173095703125
883.0 943.419921875
884.0 940.2979736328125
885.0 623.6306762695312
886.0 722.2589721679688
887.0 830.6822509765625
888.0 767.721923828125
889.0 633.9481201171875
890.0 674.488525390625
891.0 747.5491333007812
892.0 884.65478515625
893.0 1143.79248046875
894.0 1094.3070068359375
895.0 1333.337890625
896.0 1422.874755859375
897.0 1942.3675537109375
898.0 2545.5537109375
899.0 2992.82373046875
900.0 3883.32275390625
901.0 6331.5556640625
902.0 7314.4560546875
903.0 7376.169921875
904.0 8595.72265625
905.0 9489.3427734375
906.0 8682.962890625
907.0 7491.0849609375
908.0 5982.8447265625
909.0 4828.19140625
910.0 4404.60107421875
911.0 3552.840576171875
912.0 3033.415283203125
913.0 3414.527099609375
914.0 5108.37451171875
915.0 7808.115234375
916.0 10235.5966796875
917.0 13266.986328125
918.0 18133.50390625
919.0 22078.35546875
920.0 25031.08203125
921.0 26254.046875
922.0 25554.22265625
923.0 24624.94921875
924.0 21831.111328125
925.0 17712.7890625
926.0 15567.603515625
927.0 13392.052734375
928.0 12174.826171875
929.0 11162.529296875
930.0 10517.173828125
931.0 10102.3486328125
932.0 9337.0166015625
933.0 8546.0576171875
934.0 7375.01806640625
935.0 6566.1591796875
936.0 5089.64111328125
937.0 3696.237548828125
938.0 2748.582763671875
939.0 2400.101318359375
940.0 1931.114013671875
941.0 1427.397216796875
942.0 1284.5028076171875
943.0 1269.964599609375
944.0 1264.03759765625
945.0 1146.32861328125
946.0 1662.5078125
947.0 1929.490966796875
948.0 2449.20263671875
949.0 2972.879150390625
950.0 2873.04443359375
951.0 2853.256103515625
952.0 2873.535400390625
953.0 2699.89501953125
954.0 2482.36376953125
955.0 1859.167236328125
956.0 1752.5850830078125
957.0 1946.59716796875
958.0 2438.22607421875
959.0 1868.530029296875
960.0 1746.4244384765625
961.0 1585.70556640625
962.0 1634.962646484375
963.0 1568.1187744140625
964.0 1651.177978515625
965.0 1530.2808837890625
966.0 1397.935791015625
967.0 1243.858642578125
968.0 1639.920654296875
969.0 1703.6810302734375
970.0 886.0108032226562
971.0 910.77490234375
972.0 1064.1470947265625
973.0 1008.5999145507812
974.0 887.9979248046875
975.0 738.2169189453125
976.0 805.27197265625
977.0 972.3648681640625
978.0 979.1854248046875
979.0 1057.1688232421875
980.0 962.2513427734375
981.0 865.895751953125
982.0 995.2642822265625
983.0 683.769287109375
984.0 1028.946044921875
985.0 1279.2884521484375
986.0 1164.1480712890625
987.0 837.5150146484375
988.0 847.2569580078125
989.0 1014.0341796875
990.0 1302.9696044921875
991.0 1490.87890625
992.0 930.25390625
993.0 927.7666625976562
994.0 1117.7042236328125
995.0 954.952880859375
996.0 1157.370849609375
997.0 930.011962890625
998.0 1052.33544921875
999.0 1090.2152099609375
1000.0 1145.81201171875
1001.0 1141.04931640625
1002.0 1104.5601806640625
1003.0 1141.72314453125
1004.0 1106.1468505859375
1005.0 1228.570556640625
1006.0 1187.4693603515625
1007.0 1017.0372314453125
1008.0 1036.9412841796875
1009.0 1066.168212890625
1010.0 1432.412353515625
1011.0 1511.5762939453125
1012.0 1306.0179443359375
1013.0 1384.8565673828125
1014.0 1454.755859375
1015.0 1379.507568359375
1016.0 1660.043212890625
1017.0 1619.633056640625
1018.0 1947.0894775390625
1019.0 1931.3878173828125
1020.0 1925.4093017578125
1021.0 1756.5787353515625
1022.0 1480.2437744140625
1023.0 1023.7964477539062
